[0, 0, 0, 0, 0, 0, 0, 0, -1, -1, -1, -1, -1, -1, -1, -1, 1.0000, 1.0000, 1.0000, 1.0000, 1.0000, 1.0000, 1.0000, 1.0000]
[1, 1, 1, 1, 1, 1, 1, 1, -1, -1, -1, -1, -1, -1, -1, -1, 1.0000, 1.0000, 1.0000, 1.0000, 1.0000, 1.0000, 1.0000, 1.0000]
[2, 2, 2, 2, 2, 2, 2, 2, -1, -1, -1, -1, -1, -1, -1, -1, 1.0000, 1.0000, 1.0000, 1.0000, 1.0000, 1.0000, 1.0000, 1.0000]
[3, 3, 3, 3, 3, 3, 3, 3, -1, -1, -1, -1, -1, -1, -1, -1, 1.0000, 1.0000, 1.0000, 1.0000, 1.0000, 1.0000, 1.0000, 1.0000]
[4, 4, 4, 4, 4, 4, 4, 4, -1, -1, -1, -1, -1, -1, -1, -1, 1.0000, 1.0000, 1.0000, 1.0000, 1.0000, 1.0000, 1.0000, 1.0000]
[5, 5, 5, 5, 5, 5, 5, 5, -1, -1, -1, -1, -1, -1, -1, -1, 1.0000, 1.0000, 1.0000, 1.0000, 1.0000, 1.0000, 1.0000, 1.0000]
[6, 6, 6, 6, 6, 6, 6, 6, -1, -1, -1, -1, -1, -1, -1, -1, 1.0000, 1.0000, 1.0000, 1.0000, 1.0000, 1.0000, 1.0000, 1.0000]
[7, 7, 7, 7, 7, 7, 7, 7, -1, -1, -1, -1, -1, -1, -1, -1, 1.0000, 1.0000, 1.0000, 1.0000, 1.0000, 1.0000, 1.0000, 1.0000]
[8, 8, 8, 8, 8, 8, 8, 8, -1, -1, -1, -1, -1, -1, -1, -1, 1.0000, 1.0000, 1.0000, 1.0000, 1.0000, 1.0000, 1.0000, 1.0000]
[9, 9, 9, 9, 9, 9, 9, 9, -1, -1, -1, -1, -1, -1, -1, -1, 1.0000, 1.0000, 1.0000, 1.0000, 1.0000, 1.0000, 1.0000, 1.0000]
[10, 10, 10, 10, 10, 10, 10, 10, -1, -1, -1, -1, -1, -1, -1, -1, 1.0000, 1.0000, 1.0000, 1.0000, 1.0000, 1.0000, 1.0000, 1.0000]
[11, 11, 11, 11, 11, 11, 11, 11, -1, -1, -1, -1, -1, -1, -1, -1, 1.0000, 1.0000, 1.0000, 1.0000, 1.0000, 1.0000, 1.0000, 1.0000]
[12, 12, 12, 12, 12, 12, 12, 12, -1, -1, -1, -1, -1, -1, -1, -1, 1.0000, 1.0000, 1.0000, 1.0000, 1.0000, 1.0000, 1.0000, 1.0000]
[13, 13, 13, 13, 13, 13, 13, 13, -1, -1, -1, -1, -1, -1, -1, -1, 1.0000, 1.0000, 1.0000, 1.0000, 1.0000, 1.0000, 1.0000, 1.0000]
[14, 14, 14, 14, 14, 14, 14, 14, -1, -1, -1, -1, -1, -1, -1, -1, 1.0000, 1.0000, 1.0000, 1.0000, 1.0000, 1.0000, 1.0000, 1.0000]
[15, 15, 15, 15, 15, 15, 15, 15, -1, -1, -1, -1, -1, -1, -1, -1, 1.0000, 1.0000, 1.0000, 1.0000, 1.0000, 1.0000, 1.0000, 1.0000]
[16, 16, 16, 16, 16, 16, 16, 16, -1, -1, -1, -1, -1, -1, -1, -1, 1.0000, 1.0000, 1.0000, 1.0000, 1.0000, 1.0000, 1.0000, 1.0000]
[17, 17, 17, 17, 17, 17, 17, 17, -1, -1, -1, -1, -1, -1, -1, -1, 1.0000, 1.0000, 1.0000, 1.0000, 1.0000, 1.0000, 1.0000, 1.0000]
[18, 18, 18, 18, 18, 18, 18, 18, -1, -1, -1, -1, -1, -1, -1, -1, 1.0000, 1.0000, 1.0000, 1.0000, 1.0000, 1.0000, 1.0000, 1.0000]
[19, 19, 19, 19, 19, 19, 19, 19, -1, -1, -1, -1, -1, -1, -1, -1, 1.0000, 1.0000, 1.0000, 1.0000, 1.0000, 1.0000, 1.0000, 1.0000]
[20, 20, 20, 20, 20, 20, 20, 20, -1, -1, -1, -1, -1, -1, -1, -1, 1.0000, 1.0000, 1.0000, 1.0000, 1.0000, 1.0000, 1.0000, 1.0000]
[21, 21, 21, 21, 21, 21, 21, 21, -1, -1, -1, -1, -1, -1, -1, -1, 1.0000, 1.0000, 1.0000, 1.0000, 1.0000, 1.0000, 1.0000, 1.0000]
[22, 22, 22, 22, 22, 22, 22, 22, -1, -1, -1, -1, -1, -1, -1, -1, 1.0000, 1.0000, 1.0000, 1.0000, 1.0000, 1.0000, 1.0000, 1.0000]
[23, 23, 23, 23, 23, 23, 23, 23, -1, -1, -1, -1, -1, -1, -1, -1, 1.0000, 1.0000, 1.0000, 1.0000, 1.0000, 1.0000, 1.0000, 1.0000]
[24, 24, 24, 24, 24, 24, 24, 24, -1, -1, -1, -1, -1, -1, -1, -1, 1.0000, 1.0000, 1.0000, 1.0000, 1.0000, 1.0000, 1.0000, 1.0000]
[25, 25, 25, 25, 25, 25, 25, 25, -1, -1, -1, -1, -1, -1, -1, -1, 1.0000, 1.0000, 1.0000, 1.0000, 1.0000, 1.0000, 1.0000, 1.0000]
[26, 26, 26, 26, 26, 26, 26, 26, -1, -1, -1, -1, -1, -1, -1, -1, 1.0000, 1.0000, 1.0000, 1.0000, 1.0000, 1.0000, 1.0000, 1.0000]
[27, 27, 27, 27, 27, 27, 27, 27, -1, -1, -1, -1, -1, -1, -1, -1, 1.0000, 1.0000, 1.0000, 1.0000, 1.0000, 1.0000, 1.0000, 1.0000]
[28, 28, 28, 28, 28, 28, 28, 28, -1, -1, -1, -1, -1, -1, -1, -1, 1.0000, 1.0000, 1.0000, 1.0000, 1.0000, 1.0000, 1.0000, 1.0000]
[29, 29, 29, 29, 29, 29, 29, 29, -1, -1, -1, -1, -1, -1, -1, -1, 1.0000, 1.0000, 1.0000, 1.0000, 1.0000, 1.0000, 1.0000, 1.0000]
[30, 30, 30, 30, 30, 30, 30, 30, -1, -1, -1, -1, -1, -1, -1, -1, 1.0000, 1.0000, 1.0000, 1.0000, 1.0000, 1.0000, 1.0000, 1.0000]
[31, 31, 31, 31, 31, 31, 31, 31, -1, -1, -1, -1, -1, -1, -1, -1, 1.0000, 1.0000, 1.0000, 1.0000, 1.0000, 1.0000, 1.0000, 1.0000]
[32, 32, 32, 32, 32, 32, 32, 32, -1, -1, -1, -1, -1, -1, -1, -1, 1.0000, 1.0000, 1.0000, 1.0000, 1.0000, 1.0000, 1.0000, 1.0000]
[33, 33, 33, 33, 33, 33, 33, 33, -1, -1, -1, -1, -1, -1, -1, -1, 1.0000, 1.0000, 1.0000, 1.0000, 1.0000, 1.0000, 1.0000, 1.0000]
[34, 34, 34, 34, 34, 34, 34, 34, -1, -1, -1, -1, -1, -1, -1, -1, 1.0000, 1.0000, 1.0000, 1.0000, 1.0000, 1.0000, 1.0000, 1.0000]
[35, 35, 35, 35, 35, 35, 35, 35, -1, -1, -1, -1, -1, -1, -1, -1, 1.0000, 1.0000, 1.0000, 1.0000, 1.0000, 1.0000, 1.0000, 1.0000]
[36, 36, 36, 36, 36, 36, 36, 36, -1, -1, -1, -1, -1, -1, -1, -1, 1.0000, 1.0000, 1.0000, 1.0000, 1.0000, 1.0000, 1.0000, 1.0000]
[37, 15, 15, 15, 15, 15, 15, 15, 143, 143, 143, 143, 143, 143, 143, 143, 1.0000, 11.7426, 11.7426, 11.7426, 11.7426, 11.7426, 11.7426, 11.7426]
[38, 34, 34, 34, 34, 34, 34, 34, 189, 189, 189, 189, 189, 189, 189, 189, 1.0000, 14.2986, 14.2986, 14.2986, 14.2986, 14.2986, 14.2986, 14.2986]
[39, 25, 25, 25, 25, 25, 25, 25, 32, 32, 32, 32, 32, 32, 32, 32, 1.0000, 294.5748, 294.5748, 294.5748, 294.5748, 294.5748, 294.5748, 294.5748]
[40, 22, 22, 22, 22, 22, 22, 22, 143, 143, 143, 143, 143, 143, 143, 143, 1.0000, 12.2629, 12.2629, 12.2629, 12.2629, 12.2629, 12.2629, 12.2629]
[41, 23, 23, 23, 23, 23, 23, 23, 171, 171, 171, 171, 171, 171, 171, 171, 1.0000, 60.1879, 60.1879, 60.1879, 60.1879, 60.1879, 60.1879, 60.1879]
[42, 23, 23, 23, 23, 23, 23, 23, 292, 292, 292, 292, 292, 292, 292, 292, 1.0000, 176.0408, 176.0408, 176.0408, 176.0408, 176.0408, 176.0408, 176.0408]
[43, 9, 9, 9, 9, 9, 9, 9, 124, 124, 124, 124, 124, 124, 124, 124, 1.0000, 5.2031, 5.2031, 5.2031, 5.2031, 5.2031, 5.2031, 5.2031]
[44, 23, 23, 23, 23, 23, 23, 23, 187, 187, 187, 187, 187, 187, 187, 187, 1.0000, 335.2413, 335.2413, 335.2413, 335.2413, 335.2413, 335.2413, 335.2413]
[45, 24, 24, 24, 24, 24, 24, 24, 87, 87, 87, 87, 87, 87, 87, 87, 1.0000, 68.2488, 68.2488, 68.2488, 68.2488, 68.2488, 68.2488, 68.2488]
[46, 22, 22, 22, 22, 22, 22, 22, 208, 208, 208, 208, 208, 208, 208, 208, 1.0000, 5.2875, 5.2875, 5.2875, 5.2875, 5.2875, 5.2875, 5.2875]
[47, 23, 23, 23, 23, 23, 23, 23, 87, 87, 87, 87, 87, 87, 87, 87, 1.0000, 215.9178, 215.9178, 215.9178, 215.9178, 215.9178, 215.9178, 215.9178]
[48, 23, 23, 23, 23, 23, 23, 23, 75, 75, 75, 75, 75, 75, 75, 75, 1.0000, 56.7671, 56.7671, 56.7671, 56.7671, 56.7671, 56.7671, 56.7671]
[49, 24, 24, 24, 24, 24, 24, 24, 16, 16, 16, 16, 16, 16, 16, 16, 1.0000, 75.3759, 75.3759, 75.3759, 75.3759, 75.3759, 75.3759, 75.3759]
[50, 24, 24, 24, 24, 24, 24, 24, 65, 65, 65, 65, 65, 65, 65, 65, 1.0000, 44.6865, 44.6865, 44.6865, 44.6865, 44.6865, 44.6865, 44.6865]
[51, 22, 22, 22, 22, 22, 22, 22, 218, 218, 218, 218, 218, 218, 218, 218, 1.0000, 11.6478, 11.6478, 11.6478, 11.6478, 11.6478, 11.6478, 11.6478]
[52, 22, 22, 22, 22, 22, 22, 22, 183, 183, 183, 183, 183, 183, 183, 183, 1.0000, 55.4697, 55.4697, 55.4697, 55.4697, 55.4697, 55.4697, 55.4697]
[53, 23, 23, 23, 23, 23, 23, 23, 167, 167, 167, 167, 167, 167, 167, 167, 1.0000, 11.2138, 11.2138, 11.2138, 11.2138, 11.2138, 11.2138, 11.2138]
[54, 12, 12, 12, 12, 12, 12, 12, 6, 6, 6, 6, 6, 6, 6, 6, 1.0000, 8.1266, 8.1266, 8.1266, 8.1266, 8.1266, 8.1266, 8.1266]
[55, 24, 24, 24, 24, 24, 24, 24, 24, 24, 24, 24, 24, 24, 24, 24, 1.0000, 307.8282, 307.8282, 307.8282, 307.8282, 307.8282, 307.8282, 307.8282]
[56, 20, 20, 20, 20, 20, 20, 20, 35, 35, 35, 35, 35, 35, 35, 35, 1.0000, 19.5823, 19.5823, 19.5823, 19.5823, 19.5823, 19.5823, 19.5823]
[57, 9, 9, 9, 9, 9, 9, 9, 123, 123, 123, 123, 123, 123, 123, 123, 1.0000, 0.6739, 0.6739, 0.6739, 0.6739, 0.6739, 0.6739, 0.6739]
[58, 27, 27, 27, 27, 27, 27, 27, 6, 6, 6, 6, 6, 6, 6, 6, 1.0000, 32.0536, 32.0536, 32.0536, 32.0536, 32.0536, 32.0536, 32.0536]
[59, 27, 27, 27, 27, 27, 27, 27, 55, 55, 55, 55, 55, 55, 55, 55, 1.0000, 86.4115, 86.4115, 86.4115, 86.4115, 86.4115, 86.4115, 86.4115]
[60, 9, 9, 9, 9, 9, 9, 9, 32, 32, 32, 32, 32, 32, 32, 32, 1.0000, 6.1135, 6.1135, 6.1135, 6.1135, 6.1135, 6.1135, 6.1135]
[61, 24, 24, 24, 24, 24, 24, 24, 119, 119, 119, 119, 119, 119, 119, 119, 1.0000, 27.0923, 27.0923, 27.0923, 27.0923, 27.0923, 27.0923, 27.0923]
[62, 22, 22, 22, 22, 22, 22, 22, 0, 0, 0, 0, 0, 0, 0, 0, 1.0000, 11.3581, 11.3581, 11.3581, 11.3581, 11.3581, 11.3581, 11.3581]
[63, 5, 5, 5, 5, 5, 5, 5, 186, 186, 186, 186, 186, 186, 186, 186, 1.0000, 7.5893, 7.5893, 7.5893, 7.5893, 7.5893, 7.5893, 7.5893]
[64, 20, 20, 20, 20, 20, 20, 20, 426, 426, 426, 426, 426, 426, 426, 426, 1.0000, 5.4362, 5.4362, 5.4362, 5.4362, 5.4362, 5.4362, 5.4362]
[65, 20, 20, 20, 20, 20, 20, 20, 21, 21, 21, 21, 21, 21, 21, 21, 1.0000, 15.2304, 15.2304, 15.2304, 15.2304, 15.2304, 15.2304, 15.2304]
[66, 22, 22, 22, 22, 22, 22, 22, 113, 113, 113, 113, 113, 113, 113, 113, 1.0000, 17.2518, 17.2518, 17.2518, 17.2518, 17.2518, 17.2518, 17.2518]
[67, 22, 22, 22, 22, 22, 22, 22, 170, 170, 170, 170, 170, 170, 170, 170, 1.0000, 14.2325, 14.2325, 14.2325, 14.2325, 14.2325, 14.2325, 14.2325]
[68, 8, 8, 8, 8, 8, 8, 8, 10, 10, 10, 10, 10, 10, 10, 10, 1.0000, 4.7996, 4.7996, 4.7996, 4.7996, 4.7996, 4.7996, 4.7996]
[69, 35, 35, 35, 35, 35, 35, 35, 401, 401, 401, 401, 401, 401, 401, 401, 1.0000, -0.2546, -0.2546, -0.2546, -0.2546, -0.2546, -0.2546, -0.2546]
[70, 24, 24, 24, 24, 24, 24, 24, 380, 380, 380, 380, 380, 380, 380, 380, 1.0000, 23.0323, 23.0323, 23.0323, 23.0323, 23.0323, 23.0323, 23.0323]
[71, 24, 24, 24, 24, 24, 24, 24, 6, 6, 6, 6, 6, 6, 6, 6, 1.0000, 145.1296, 145.1296, 145.1296, 145.1296, 145.1296, 145.1296, 145.1296]
[72, 22, 22, 22, 22, 22, 22, 22, 22, 22, 22, 22, 22, 22, 22, 22, 1.0000, 42.7513, 42.7513, 42.7513, 42.7513, 42.7513, 42.7513, 42.7513]
[73, 24, 24, 24, 24, 24, 24, 24, 19, 19, 19, 19, 19, 19, 19, 19, 1.0000, 8.0748, 8.0748, 8.0748, 8.0748, 8.0748, 8.0748, 8.0748]
[74, 23, 23, 23, 23, 23, 23, 23, 173, 173, 173, 173, 173, 173, 173, 173, 1.0000, 72.9107, 72.9107, 72.9107, 72.9107, 72.9107, 72.9107, 72.9107]
[75, 34, 34, 34, 34, 34, 34, 34, 208, 208, 208, 208, 208, 208, 208, 208, 1.0000, 10.8040, 10.8040, 10.8040, 10.8040, 10.8040, 10.8040, 10.8040]
[76, 25, 25, 25, 25, 25, 25, 25, 162, 162, 162, 162, 162, 162, 162, 162, 1.0000, 45.1941, 45.1941, 45.1941, 45.1941, 45.1941, 45.1941, 45.1941]
[77, 23, 23, 23, 23, 23, 23, 23, 223, 223, 223, 223, 223, 223, 223, 223, 1.0000, 28.9282, 28.9282, 28.9282, 28.9282, 28.9282, 28.9282, 28.9282]
[78, 24, 24, 24, 24, 24, 24, 24, 220, 220, 220, 220, 220, 220, 220, 220, 1.0000, 65.8532, 65.8532, 65.8532, 65.8532, 65.8532, 65.8532, 65.8532]
[79, 25, 25, 25, 25, 25, 25, 25, 342, 342, 342, 342, 342, 342, 342, 342, 1.0000, 14.9921, 14.9921, 14.9921, 14.9921, 14.9921, 14.9921, 14.9921]
[80, 22, 22, 22, 22, 22, 22, 22, 6, 6, 6, 6, 6, 6, 6, 6, 1.0000, 99.4344, 99.4344, 99.4344, 99.4344, 99.4344, 99.4344, 99.4344]
[81, 25, 25, 25, 25, 25, 25, 25, 212, 212, 212, 212, 212, 212, 212, 212, 1.0000, 13.0891, 13.0891, 13.0891, 13.0891, 13.0891, 13.0891, 13.0891]
[82, 25, 25, 25, 25, 25, 25, 25, 402, 402, 402, 402, 402, 402, 402, 402, 1.0000, 19.1475, 19.1475, 19.1475, 19.1475, 19.1475, 19.1475, 19.1475]
[83, 25, 25, 25, 25, 25, 25, 25, 564, 564, 564, 564, 564, 564, 564, 564, 1.0000, 43.4638, 43.4638, 43.4638, 43.4638, 43.4638, 43.4638, 43.4638]
[84, 24, 24, 24, 24, 24, 24, 24, 20, 20, 20, 20, 20, 20, 20, 20, 1.0000, 550.5153, 550.5153, 550.5153, 550.5153, 550.5153, 550.5153, 550.5153]
[85, 24, 24, 24, 24, 24, 24, 24, 56, 56, 56, 56, 56, 56, 56, 56, 1.0000, 20.1896, 20.1896, 20.1896, 20.1896, 20.1896, 20.1896, 20.1896]
[86, 22, 22, 22, 22, 22, 22, 22, 140, 140, 140, 140, 140, 140, 140, 140, 1.0000, 42.1051, 42.1051, 42.1051, 42.1051, 42.1051, 42.1051, 42.1051]
[87, 22, 22, 22, 22, 22, 22, 22, 75, 75, 75, 75, 75, 75, 75, 75, 1.0000, 33.4744, 33.4744, 33.4744, 33.4744, 33.4744, 33.4744, 33.4744]
[88, 23, 23, 23, 23, 23, 23, 23, 590, 590, 590, 590, 590, 590, 590, 590, 1.0000, 15.0372, 15.0372, 15.0372, 15.0372, 15.0372, 15.0372, 15.0372]
[89, 10, 10, 10, 10, 10, 10, 10, 209, 209, 209, 209, 209, 209, 209, 209, 1.0000, 98.7252, 98.7252, 98.7252, 98.7252, 98.7252, 98.7252, 98.7252]
[90, 24, 24, 24, 24, 24, 24, 24, 169, 169, 169, 169, 169, 169, 169, 169, 1.0000, 89.1268, 89.1268, 89.1268, 89.1268, 89.1268, 89.1268, 89.1268]
[91, 30, 30, 30, 30, 30, 30, 30, 187, 187, 187, 187, 187, 187, 187, 187, 1.0000, 80.9328, 80.9328, 80.9328, 80.9328, 80.9328, 80.9328, 80.9328]
[92, 25, 25, 25, 25, 25, 25, 25, 446, 446, 446, 446, 446, 446, 446, 446, 1.0000, 36.0885, 36.0885, 36.0885, 36.0885, 36.0885, 36.0885, 36.0885]
[93, 25, 25, 25, 25, 25, 25, 25, 74, 74, 74, 74, 74, 74, 74, 74, 1.0000, 224.2063, 224.2063, 224.2063, 224.2063, 224.2063, 224.2063, 224.2063]
[94, 29, 29, 29, 29, 29, 29, 29, 132, 132, 132, 132, 132, 132, 132, 132, 1.0000, 49.2787, 49.2787, 49.2787, 49.2787, 49.2787, 49.2787, 49.2787]
[95, 13, 13, 13, 13, 13, 13, 13, 211, 211, 211, 211, 211, 211, 211, 211, 1.0000, 2.5018, 2.5018, 2.5018, 2.5018, 2.5018, 2.5018, 2.5018]
[96, 24, 24, 24, 24, 24, 24, 24, 70, 70, 70, 70, 70, 70, 70, 70, 1.0000, 138.4708, 138.4708, 138.4708, 138.4708, 138.4708, 138.4708, 138.4708]
[97, 25, 25, 25, 25, 25, 25, 25, 220, 220, 220, 220, 220, 220, 220, 220, 1.0000, 68.5116, 68.5116, 68.5116, 68.5116, 68.5116, 68.5116, 68.5116]
[98, 10, 10, 10, 10, 10, 10, 10, 394, 394, 394, 394, 394, 394, 394, 394, 1.0000, 7.5415, 7.5415, 7.5415, 7.5415, 7.5415, 7.5415, 7.5415]
[99, 23, 23, 23, 23, 23, 23, 23, 156, 156, 156, 156, 156, 156, 156, 156, 1.0000, 55.3836, 55.3836, 55.3836, 55.3836, 55.3836, 55.3836, 55.3836]
[100, 31, 31, 31, 31, 31, 31, 31, 55, 55, 55, 55, 55, 55, 55, 55, 1.0000, 2.2446, 2.2446, 2.2446, 2.2446, 2.2446, 2.2446, 2.2446]
[101, 22, 22, 22, 22, 22, 22, 22, 426, 426, 426, 426, 426, 426, 426, 426, 1.0000, 6.4441, 6.4441, 6.4441, 6.4441, 6.4441, 6.4441, 6.4441]
[102, 22, 22, 22, 22, 22, 22, 22, 26, 26, 26, 26, 26, 26, 26, 26, 1.0000, 14.2582, 14.2582, 14.2582, 14.2582, 14.2582, 14.2582, 14.2582]
[103, 23, 23, 23, 23, 23, 23, 23, 123, 123, 123, 123, 123, 123, 123, 123, 1.0000, 195.7073, 195.7073, 195.7073, 195.7073, 195.7073, 195.7073, 195.7073]
[104, 24, 24, 24, 24, 24, 24, 24, 32, 32, 32, 32, 32, 32, 32, 32, 1.0000, 43.5991, 43.5991, 43.5991, 43.5991, 43.5991, 43.5991, 43.5991]
[105, 5, 5, 5, 5, 5, 5, 5, 7, 7, 7, 7, 7, 7, 7, 7, 1.0000, 8.3453, 8.3453, 8.3453, 8.3453, 8.3453, 8.3453, 8.3453]
[106, 22, 22, 22, 22, 22, 22, 22, 77, 77, 77, 77, 77, 77, 77, 77, 1.0000, 10.0928, 10.0928, 10.0928, 10.0928, 10.0928, 10.0928, 10.0928]
[107, 21, 21, 21, 21, 21, 21, 21, 28, 28, 28, 28, 28, 28, 28, 28, 1.0000, 6.4594, 6.4594, 6.4594, 6.4594, 6.4594, 6.4594, 6.4594]
[108, 23, 23, 23, 23, 23, 23, 23, 127, 127, 127, 127, 127, 127, 127, 127, 1.0000, 85.1231, 85.1231, 85.1231, 85.1231, 85.1231, 85.1231, 85.1231]
[109, 23, 23, 23, 23, 23, 23, 23, 252, 252, 252, 252, 252, 252, 252, 252, 1.0000, 321.4089, 321.4089, 321.4089, 321.4089, 321.4089, 321.4089, 321.4089]
[110, 22, 22, 22, 22, 22, 22, 22, 615, 615, 615, 615, 615, 615, 615, 615, 1.0000, 2.8520, 2.8520, 2.8520, 2.8520, 2.8520, 2.8520, 2.8520]
[111, 22, 22, 22, 22, 22, 22, 22, 390, 390, 390, 390, 390, 390, 390, 390, 1.0000, 30.3791, 30.3791, 30.3791, 30.3791, 30.3791, 30.3791, 30.3791]
[112, 23, 23, 23, 23, 23, 23, 23, 70, 70, 70, 70, 70, 70, 70, 70, 1.0000, 165.3849, 165.3849, 165.3849, 165.3849, 165.3849, 165.3849, 165.3849]
[113, 10, 10, 10, 10, 10, 10, 10, 185, 185, 185, 185, 185, 185, 185, 185, 1.0000, 8.5839, 8.5839, 8.5839, 8.5839, 8.5839, 8.5839, 8.5839]
[114, 22, 22, 22, 22, 22, 22, 22, 419, 419, 419, 419, 419, 419, 419, 419, 1.0000, 3.5920, 3.5920, 3.5920, 3.5920, 3.5920, 3.5920, 3.5920]
[115, 24, 24, 24, 24, 24, 24, 24, 0, 0, 0, 0, 0, 0, 0, 0, 1.0000, 159.4085, 159.4085, 159.4085, 159.4085, 159.4085, 159.4085, 159.4085]
[116, 23, 23, 23, 23, 23, 23, 23, 111, 111, 111, 111, 111, 111, 111, 111, 1.0000, 49.1906, 49.1906, 49.1906, 49.1906, 49.1906, 49.1906, 49.1906]
[117, 14, 14, 14, 14, 14, 14, 14, 114, 114, 114, 114, 114, 114, 114, 114, 1.0000, 8.0972, 8.0972, 8.0972, 8.0972, 8.0972, 8.0972, 8.0972]
[118, 17, 17, 17, 17, 17, 17, 17, 235, 235, 235, 235, 235, 235, 235, 235, 1.0000, 0.8679, 0.8679, 0.8679, 0.8679, 0.8679, 0.8679, 0.8679]
[119, 11, 11, 11, 11, 11, 11, 11, 50, 50, 50, 50, 50, 50, 50, 50, 1.0000, 69.8655, 69.8655, 69.8655, 69.8655, 69.8655, 69.8655, 69.8655]
[120, 24, 24, 24, 24, 24, 24, 24, 410, 410, 410, 410, 410, 410, 410, 410, 1.0000, 25.2412, 25.2412, 25.2412, 25.2412, 25.2412, 25.2412, 25.2412]
[121, 22, 22, 22, 22, 22, 22, 22, 163, 163, 163, 163, 163, 163, 163, 163, 1.0000, 33.1782, 33.1782, 33.1782, 33.1782, 33.1782, 33.1782, 33.1782]
[122, 16, 16, 16, 16, 16, 16, 16, 423, 423, 423, 423, 423, 423, 423, 423, 1.0000, 55.1441, 55.1441, 55.1441, 55.1441, 55.1441, 55.1441, 55.1441]
[123, 30, 30, 30, 30, 30, 30, 30, 35, 35, 35, 35, 35, 35, 35, 35, 1.0000, 4.9718, 4.9718, 4.9718, 4.9718, 4.9718, 4.9718, 4.9718]
[124, 124, 124, 124, 124, 124, 124, 124, -1, -1, -1, -1, -1, -1, -1, -1, 1.0000, 1.0000, 1.0000, 1.0000, 1.0000, 1.0000, 1.0000, 1.0000]
[125, 25, 25, 25, 25, 25, 25, 25, 16, 16, 16, 16, 16, 16, 16, 16, 1.0000, 25.2009, 25.2009, 25.2009, 25.2009, 25.2009, 25.2009, 25.2009]
[126, 23, 23, 23, 23, 23, 23, 23, 56, 56, 56, 56, 56, 56, 56, 56, 1.0000, 318.2104, 318.2104, 318.2104, 318.2104, 318.2104, 318.2104, 318.2104]
[127, 23, 23, 23, 23, 23, 23, 23, 496, 496, 496, 496, 496, 496, 496, 496, 1.0000, 239.0384, 239.0384, 239.0384, 239.0384, 239.0384, 239.0384, 239.0384]
[128, 23, 23, 23, 23, 23, 23, 23, 103, 103, 103, 103, 103, 103, 103, 103, 1.0000, 119.2735, 119.2735, 119.2735, 119.2735, 119.2735, 119.2735, 119.2735]
[129, 22, 22, 22, 22, 22, 22, 22, 16, 16, 16, 16, 16, 16, 16, 16, 1.0000, 6.3989, 6.3989, 6.3989, 6.3989, 6.3989, 6.3989, 6.3989]
[130, 17, 17, 17, 17, 17, 17, 17, 77, 77, 77, 77, 77, 77, 77, 77, 1.0000, 3.2469, 3.2469, 3.2469, 3.2469, 3.2469, 3.2469, 3.2469]
[131, 24, 24, 24, 24, 24, 24, 24, 81, 81, 81, 81, 81, 81, 81, 81, 1.0000, 135.5149, 135.5149, 135.5149, 135.5149, 135.5149, 135.5149, 135.5149]
[132, 24, 24, 24, 24, 24, 24, 24, 266, 266, 266, 266, 266, 266, 266, 266, 1.0000, 14.7398, 14.7398, 14.7398, 14.7398, 14.7398, 14.7398, 14.7398]
[133, 24, 24, 24, 24, 24, 24, 24, 241, 241, 241, 241, 241, 241, 241, 241, 1.0000, 148.1351, 148.1351, 148.1351, 148.1351, 148.1351, 148.1351, 148.1351]
[134, 24, 24, 24, 24, 24, 24, 24, 5, 5, 5, 5, 5, 5, 5, 5, 1.0000, 30.6526, 30.6526, 30.6526, 30.6526, 30.6526, 30.6526, 30.6526]
[135, 0, 0, 0, 0, 0, 0, 0, 14, 14, 14, 14, 14, 14, 14, 14, 1.0000, 10.7312, 10.7312, 10.7312, 10.7312, 10.7312, 10.7312, 10.7312]
[136, 22, 22, 22, 22, 22, 22, 22, 215, 215, 215, 215, 215, 215, 215, 215, 1.0000, 12.7567, 12.7567, 12.7567, 12.7567, 12.7567, 12.7567, 12.7567]
[137, 28, 28, 28, 28, 28, 28, 28, 607, 607, 607, 607, 607, 607, 607, 607, 1.0000, 7.7952, 7.7952, 7.7952, 7.7952, 7.7952, 7.7952, 7.7952]
[138, 0, 0, 0, 0, 0, 0, 0, 507, 507, 507, 507, 507, 507, 507, 507, 1.0000, 0.5707, 0.5707, 0.5707, 0.5707, 0.5707, 0.5707, 0.5707]
[139, 23, 23, 23, 23, 23, 23, 23, 8, 8, 8, 8, 8, 8, 8, 8, 1.0000, 40.7871, 40.7871, 40.7871, 40.7871, 40.7871, 40.7871, 40.7871]
[140, 24, 24, 24, 24, 24, 24, 24, 94, 94, 94, 94, 94, 94, 94, 94, 1.0000, 226.7683, 226.7683, 226.7683, 226.7683, 226.7683, 226.7683, 226.7683]
[141, 23, 23, 23, 23, 23, 23, 23, 91, 91, 91, 91, 91, 91, 91, 91, 1.0000, 85.7308, 85.7308, 85.7308, 85.7308, 85.7308, 85.7308, 85.7308]
[142, 24, 24, 24, 24, 24, 24, 24, 71, 71, 71, 71, 71, 71, 71, 71, 1.0000, 54.2343, 54.2343, 54.2343, 54.2343, 54.2343, 54.2343, 54.2343]
[143, 30, 30, 30, 30, 30, 30, 30, 65, 65, 65, 65, 65, 65, 65, 65, 1.0000, 7.8879, 7.8879, 7.8879, 7.8879, 7.8879, 7.8879, 7.8879]
[144, 3, 3, 3, 3, 3, 3, 3, 257, 257, 257, 257, 257, 257, 257, 257, 1.0000, 101.9249, 101.9249, 101.9249, 101.9249, 101.9249, 101.9249, 101.9249]
[145, 24, 24, 24, 24, 24, 24, 24, 318, 318, 318, 318, 318, 318, 318, 318, 1.0000, 62.7133, 62.7133, 62.7133, 62.7133, 62.7133, 62.7133, 62.7133]
[146, 28, 28, 28, 28, 28, 28, 28, 29, 29, 29, 29, 29, 29, 29, 29, 1.0000, 8.5017, 8.5017, 8.5017, 8.5017, 8.5017, 8.5017, 8.5017]
[147, 5, 5, 5, 5, 5, 5, 5, 150, 150, 150, 150, 150, 150, 150, 150, 1.0000, 3.7383, 3.7383, 3.7383, 3.7383, 3.7383, 3.7383, 3.7383]
[148, 22, 22, 22, 22, 22, 22, 22, 20, 20, 20, 20, 20, 20, 20, 20, 1.0000, 40.0792, 40.0792, 40.0792, 40.0792, 40.0792, 40.0792, 40.0792]
[149, 0, 0, 0, 0, 0, 0, 0, 5, 5, 5, 5, 5, 5, 5, 5, 1.0000, 20.1844, 20.1844, 20.1844, 20.1844, 20.1844, 20.1844, 20.1844]
[150, 25, 25, 25, 25, 25, 25, 25, 9, 9, 9, 9, 9, 9, 9, 9, 1.0000, 9.7810, 9.7810, 9.7810, 9.7810, 9.7810, 9.7810, 9.7810]
[151, 27, 27, 27, 27, 27, 27, 27, 80, 80, 80, 80, 80, 80, 80, 80, 1.0000, 18.6241, 18.6241, 18.6241, 18.6241, 18.6241, 18.6241, 18.6241]
[152, 25, 25, 25, 25, 25, 25, 25, 236, 236, 236, 236, 236, 236, 236, 236, 1.0000, 19.5047, 19.5047, 19.5047, 19.5047, 19.5047, 19.5047, 19.5047]
[153, 23, 23, 23, 23, 23, 23, 23, 256, 256, 256, 256, 256, 256, 256, 256, 1.0000, 62.4110, 62.4110, 62.4110, 62.4110, 62.4110, 62.4110, 62.4110]
[154, 31, 31, 31, 31, 31, 31, 31, 16, 16, 16, 16, 16, 16, 16, 16, 1.0000, 3.3038, 3.3038, 3.3038, 3.3038, 3.3038, 3.3038, 3.3038]
[155, 32, 32, 32, 32, 32, 32, 32, 367, 367, 367, 367, 367, 367, 367, 367, 1.0000, 15.7472, 15.7472, 15.7472, 15.7472, 15.7472, 15.7472, 15.7472]
[156, 24, 24, 24, 24, 24, 24, 24, 49, 49, 49, 49, 49, 49, 49, 49, 1.0000, 75.9160, 75.9160, 75.9160, 75.9160, 75.9160, 75.9160, 75.9160]
[157, 24, 24, 24, 24, 24, 24, 24, 557, 557, 557, 557, 557, 557, 557, 557, 1.0000, 17.2992, 17.2992, 17.2992, 17.2992, 17.2992, 17.2992, 17.2992]
[158, 24, 24, 24, 24, 24, 24, 24, 546, 546, 546, 546, 546, 546, 546, 546, 1.0000, 9.7504, 9.7504, 9.7504, 9.7504, 9.7504, 9.7504, 9.7504]
[159, 5, 5, 5, 5, 5, 5, 5, 354, 354, 354, 354, 354, 354, 354, 354, 1.0000, 6.9730, 6.9730, 6.9730, 6.9730, 6.9730, 6.9730, 6.9730]
[160, 23, 23, 23, 23, 23, 23, 23, 211, 211, 211, 211, 211, 211, 211, 211, 1.0000, 16.5930, 16.5930, 16.5930, 16.5930, 16.5930, 16.5930, 16.5930]
[161, 25, 25, 25, 25, 25, 25, 25, 34, 34, 34, 34, 34, 34, 34, 34, 1.0000, 39.2876, 39.2876, 39.2876, 39.2876, 39.2876, 39.2876, 39.2876]
[162, 26, 26, 26, 26, 26, 26, 26, 491, 491, 491, 491, 491, 491, 491, 491, 1.0000, 1.8478, 1.8478, 1.8478, 1.8478, 1.8478, 1.8478, 1.8478]
[163, 22, 22, 22, 22, 22, 22, 22, 39, 39, 39, 39, 39, 39, 39, 39, 1.0000, 488.6711, 488.6711, 488.6711, 488.6711, 488.6711, 488.6711, 488.6711]
[164, 23, 23, 23, 23, 23, 23, 23, 108, 108, 108, 108, 108, 108, 108, 108, 1.0000, 10.3646, 10.3646, 10.3646, 10.3646, 10.3646, 10.3646, 10.3646]
[165, 23, 23, 23, 23, 23, 23, 23, 233, 233, 233, 233, 233, 233, 233, 233, 1.0000, 62.7317, 62.7317, 62.7317, 62.7317, 62.7317, 62.7317, 62.7317]
[166, 16, 16, 16, 16, 16, 16, 16, 89, 89, 89, 89, 89, 89, 89, 89, 1.0000, 4.3331, 4.3331, 4.3331, 4.3331, 4.3331, 4.3331, 4.3331]
[167, 14, 14, 14, 14, 14, 14, 14, 135, 135, 135, 135, 135, 135, 135, 135, 1.0000, 26.4208, 26.4208, 26.4208, 26.4208, 26.4208, 26.4208, 26.4208]
[168, 24, 24, 24, 24, 24, 24, 24, 56, 56, 56, 56, 56, 56, 56, 56, 1.0000, 205.7986, 205.7986, 205.7986, 205.7986, 205.7986, 205.7986, 205.7986]
[169, 3, 3, 3, 3, 3, 3, 3, 227, 227, 227, 227, 227, 227, 227, 227, 1.0000, 51.4614, 51.4614, 51.4614, 51.4614, 51.4614, 51.4614, 51.4614]
[170, 32, 32, 32, 32, 32, 32, 32, 360, 360, 360, 360, 360, 360, 360, 360, 1.0000, 6.0821, 6.0821, 6.0821, 6.0821, 6.0821, 6.0821, 6.0821]
[171, 25, 25, 25, 25, 25, 25, 25, 66, 66, 66, 66, 66, 66, 66, 66, 1.0000, 160.3398, 160.3398, 160.3398, 160.3398, 160.3398, 160.3398, 160.3398]
[172, 23, 23, 23, 23, 23, 23, 23, 264, 264, 264, 264, 264, 264, 264, 264, 1.0000, 2732.4998, 2732.4998, 2732.4998, 2732.4998, 2732.4998, 2732.4998, 2732.4998]
[173, 25, 25, 25, 25, 25, 25, 25, 286, 286, 286, 286, 286, 286, 286, 286, 1.0000, 10.6349, 10.6349, 10.6349, 10.6349, 10.6349, 10.6349, 10.6349]
[174, 24, 24, 24, 24, 24, 24, 24, 110, 110, 110, 110, 110, 110, 110, 110, 1.0000, 95.1409, 95.1409, 95.1409, 95.1409, 95.1409, 95.1409, 95.1409]
[175, 22, 22, 22, 22, 22, 22, 22, 134, 134, 134, 134, 134, 134, 134, 134, 1.0000, 10.2063, 10.2063, 10.2063, 10.2063, 10.2063, 10.2063, 10.2063]
[176, 23, 23, 23, 23, 23, 23, 23, 202, 202, 202, 202, 202, 202, 202, 202, 1.0000, 68.7960, 68.7960, 68.7960, 68.7960, 68.7960, 68.7960, 68.7960]
[177, 22, 22, 22, 22, 22, 22, 22, 122, 122, 122, 122, 122, 122, 122, 122, 1.0000, 37.1315, 37.1315, 37.1315, 37.1315, 37.1315, 37.1315, 37.1315]
[178, 34, 34, 34, 34, 34, 34, 34, 122, 122, 122, 122, 122, 122, 122, 122, 1.0000, 20.7205, 20.7205, 20.7205, 20.7205, 20.7205, 20.7205, 20.7205]
[179, 24, 24, 24, 24, 24, 24, 24, 42, 42, 42, 42, 42, 42, 42, 42, 1.0000, 93.7293, 93.7293, 93.7293, 93.7293, 93.7293, 93.7293, 93.7293]
[180, 12, 12, 12, 12, 12, 12, 12, 439, 439, 439, 439, 439, 439, 439, 439, 1.0000, 10.5292, 10.5292, 10.5292, 10.5292, 10.5292, 10.5292, 10.5292]
[181, 14, 14, 14, 14, 14, 14, 14, 226, 226, 226, 226, 226, 226, 226, 226, 1.0000, 3.9269, 3.9269, 3.9269, 3.9269, 3.9269, 3.9269, 3.9269]
[182, 24, 24, 24, 24, 24, 24, 24, 241, 241, 241, 241, 241, 241, 241, 241, 1.0000, 87.0138, 87.0138, 87.0138, 87.0138, 87.0138, 87.0138, 87.0138]
[183, 22, 22, 22, 22, 22, 22, 22, 432, 432, 432, 432, 432, 432, 432, 432, 1.0000, 24.0257, 24.0257, 24.0257, 24.0257, 24.0257, 24.0257, 24.0257]
[184, 21, 21, 21, 21, 21, 21, 21, 239, 239, 239, 239, 239, 239, 239, 239, 1.0000, 6.7958, 6.7958, 6.7958, 6.7958, 6.7958, 6.7958, 6.7958]
[185, 24, 24, 24, 24, 24, 24, 24, 92, 92, 92, 92, 92, 92, 92, 92, 1.0000, 43.5863, 43.5863, 43.5863, 43.5863, 43.5863, 43.5863, 43.5863]
[186, 0, 0, 0, 0, 0, 0, 0, 120, 120, 120, 120, 120, 120, 120, 120, 1.0000, 24.5500, 24.5500, 24.5500, 24.5500, 24.5500, 24.5500, 24.5500]
[187, 22, 22, 22, 22, 22, 22, 22, 405, 405, 405, 405, 405, 405, 405, 405, 1.0000, 17.9558, 17.9558, 17.9558, 17.9558, 17.9558, 17.9558, 17.9558]
[188, 24, 24, 24, 24, 24, 24, 24, 333, 333, 333, 333, 333, 333, 333, 333, 1.0000, 22.3665, 22.3665, 22.3665, 22.3665, 22.3665, 22.3665, 22.3665]
[189, 25, 25, 25, 25, 25, 25, 25, 70, 70, 70, 70, 70, 70, 70, 70, 1.0000, 37.2948, 37.2948, 37.2948, 37.2948, 37.2948, 37.2948, 37.2948]
[190, 34, 34, 34, 34, 34, 34, 34, 266, 266, 266, 266, 266, 266, 266, 266, 1.0000, 5.8032, 5.8032, 5.8032, 5.8032, 5.8032, 5.8032, 5.8032]
[191, 24, 24, 24, 24, 24, 24, 24, 233, 233, 233, 233, 233, 233, 233, 233, 1.0000, 24.9006, 24.9006, 24.9006, 24.9006, 24.9006, 24.9006, 24.9006]
[192, 12, 12, 12, 12, 12, 12, 12, 22, 22, 22, 22, 22, 22, 22, 22, 1.0000, 132.9566, 132.9566, 132.9566, 132.9566, 132.9566, 132.9566, 132.9566]
[193, 32, 32, 32, 32, 32, 32, 32, 368, 368, 368, 368, 368, 368, 368, 368, 1.0000, 43.9046, 43.9046, 43.9046, 43.9046, 43.9046, 43.9046, 43.9046]
[194, 11, 11, 11, 11, 11, 11, 11, 3, 3, 3, 3, 3, 3, 3, 3, 1.0000, 14.5628, 14.5628, 14.5628, 14.5628, 14.5628, 14.5628, 14.5628]
[195, 24, 24, 24, 24, 24, 24, 24, 63, 63, 63, 63, 63, 63, 63, 63, 1.0000, 90.3854, 90.3854, 90.3854, 90.3854, 90.3854, 90.3854, 90.3854]
[196, 24, 24, 24, 24, 24, 24, 24, 282, 282, 282, 282, 282, 282, 282, 282, 1.0000, 21.8493, 21.8493, 21.8493, 21.8493, 21.8493, 21.8493, 21.8493]
[197, 25, 25, 25, 25, 25, 25, 25, 132, 132, 132, 132, 132, 132, 132, 132, 1.0000, 20.7450, 20.7450, 20.7450, 20.7450, 20.7450, 20.7450, 20.7450]
[198, 23, 23, 23, 23, 23, 23, 23, 45, 45, 45, 45, 45, 45, 45, 45, 1.0000, 79.2931, 79.2931, 79.2931, 79.2931, 79.2931, 79.2931, 79.2931]
[199, 24, 24, 24, 24, 24, 24, 24, 197, 197, 197, 197, 197, 197, 197, 197, 1.0000, 31.8227, 31.8227, 31.8227, 31.8227, 31.8227, 31.8227, 31.8227]
[200, 26, 26, 26, 26, 26, 26, 26, 222, 222, 222, 222, 222, 222, 222, 222, 1.0000, 1.9013, 1.9013, 1.9013, 1.9013, 1.9013, 1.9013, 1.9013]
[201, 24, 24, 24, 24, 24, 24, 24, 384, 384, 384, 384, 384, 384, 384, 384, 1.0000, 338.7556, 338.7556, 338.7556, 338.7556, 338.7556, 338.7556, 338.7556]
[202, 19, 19, 19, 19, 19, 19, 19, 32, 32, 32, 32, 32, 32, 32, 32, 1.0000, 16.8182, 16.8182, 16.8182, 16.8182, 16.8182, 16.8182, 16.8182]
[203, 0, 0, 0, 0, 0, 0, 0, 316, 316, 316, 316, 316, 316, 316, 316, 1.0000, 16.2440, 16.2440, 16.2440, 16.2440, 16.2440, 16.2440, 16.2440]
[204, 14, 14, 14, 14, 14, 14, 14, 24, 24, 24, 24, 24, 24, 24, 24, 1.0000, 31.7465, 31.7465, 31.7465, 31.7465, 31.7465, 31.7465, 31.7465]
[205, 24, 24, 24, 24, 24, 24, 24, 134, 134, 134, 134, 134, 134, 134, 134, 1.0000, 37.4459, 37.4459, 37.4459, 37.4459, 37.4459, 37.4459, 37.4459]
[206, 9, 9, 9, 9, 9, 9, 9, 51, 51, 51, 51, 51, 51, 51, 51, 1.0000, 13.1894, 13.1894, 13.1894, 13.1894, 13.1894, 13.1894, 13.1894]
[207, 8, 8, 8, 8, 8, 8, 8, 91, 91, 91, 91, 91, 91, 91, 91, 1.0000, 6.9762, 6.9762, 6.9762, 6.9762, 6.9762, 6.9762, 6.9762]
[208, 32, 32, 32, 32, 32, 32, 32, 584, 584, 584, 584, 584, 584, 584, 584, 1.0000, 149.5487, 149.5487, 149.5487, 149.5487, 149.5487, 149.5487, 149.5487]
[209, 25, 25, 25, 25, 25, 25, 25, 91, 91, 91, 91, 91, 91, 91, 91, 1.0000, 62.3687, 62.3687, 62.3687, 62.3687, 62.3687, 62.3687, 62.3687]
[210, 23, 23, 23, 23, 23, 23, 23, 301, 301, 301, 301, 301, 301, 301, 301, 1.0000, 86.9645, 86.9645, 86.9645, 86.9645, 86.9645, 86.9645, 86.9645]
[211, 24, 24, 24, 24, 24, 24, 24, 46, 46, 46, 46, 46, 46, 46, 46, 1.0000, 48.3699, 48.3699, 48.3699, 48.3699, 48.3699, 48.3699, 48.3699]
[212, 24, 24, 24, 24, 24, 24, 24, 86, 86, 86, 86, 86, 86, 86, 86, 1.0000, 82.1131, 82.1131, 82.1131, 82.1131, 82.1131, 82.1131, 82.1131]
[213, 8, 8, 8, 8, 8, 8, 8, 381, 381, 381, 381, 381, 381, 381, 381, 1.0000, 55.4619, 55.4619, 55.4619, 55.4619, 55.4619, 55.4619, 55.4619]
[214, 24, 24, 24, 24, 24, 24, 24, 334, 334, 334, 334, 334, 334, 334, 334, 1.0000, 29.5102, 29.5102, 29.5102, 29.5102, 29.5102, 29.5102, 29.5102]
[215, 24, 24, 24, 24, 24, 24, 24, 419, 419, 419, 419, 419, 419, 419, 419, 1.0000, 333.8212, 333.8212, 333.8212, 333.8212, 333.8212, 333.8212, 333.8212]
[216, 34, 34, 34, 34, 34, 34, 34, 21, 21, 21, 21, 21, 21, 21, 21, 1.0000, 13.5175, 13.5175, 13.5175, 13.5175, 13.5175, 13.5175, 13.5175]
[217, 24, 24, 24, 24, 24, 24, 24, 125, 125, 125, 125, 125, 125, 125, 125, 1.0000, 46.6142, 46.6142, 46.6142, 46.6142, 46.6142, 46.6142, 46.6142]
[218, 24, 24, 24, 24, 24, 24, 24, 71, 71, 71, 71, 71, 71, 71, 71, 1.0000, 122.2739, 122.2739, 122.2739, 122.2739, 122.2739, 122.2739, 122.2739]
[219, 24, 24, 24, 24, 24, 24, 24, 237, 237, 237, 237, 237, 237, 237, 237, 1.0000, 333.4456, 333.4456, 333.4456, 333.4456, 333.4456, 333.4456, 333.4456]
[220, 22, 22, 22, 22, 22, 22, 22, 30, 30, 30, 30, 30, 30, 30, 30, 1.0000, 98.6313, 98.6313, 98.6313, 98.6313, 98.6313, 98.6313, 98.6313]
[221, 23, 23, 23, 23, 23, 23, 23, 178, 178, 178, 178, 178, 178, 178, 178, 1.0000, 86.2739, 86.2739, 86.2739, 86.2739, 86.2739, 86.2739, 86.2739]
[222, 23, 23, 23, 23, 23, 23, 23, 242, 242, 242, 242, 242, 242, 242, 242, 1.0000, 59.2204, 59.2204, 59.2204, 59.2204, 59.2204, 59.2204, 59.2204]
[223, 25, 25, 25, 25, 25, 25, 25, 353, 353, 353, 353, 353, 353, 353, 353, 1.0000, 5.5103, 5.5103, 5.5103, 5.5103, 5.5103, 5.5103, 5.5103]
[224, 224, 224, 224, 224, 224, 224, 224, -1, -1, -1, -1, -1, -1, -1, -1, 1.0000, 1.0000, 1.0000, 1.0000, 1.0000, 1.0000, 1.0000, 1.0000]
[225, 25, 25, 25, 25, 25, 25, 25, 48, 48, 48, 48, 48, 48, 48, 48, 1.0000, 28.4530, 28.4530, 28.4530, 28.4530, 28.4530, 28.4530, 28.4530]
[226, 11, 11, 11, 11, 11, 11, 11, 65, 65, 65, 65, 65, 65, 65, 65, 1.0000, 102.5530, 102.5530, 102.5530, 102.5530, 102.5530, 102.5530, 102.5530]
[227, 24, 24, 24, 24, 24, 24, 24, 141, 141, 141, 141, 141, 141, 141, 141, 1.0000, 21.6746, 21.6746, 21.6746, 21.6746, 21.6746, 21.6746, 21.6746]
[228, 25, 25, 25, 25, 25, 25, 25, 108, 108, 108, 108, 108, 108, 108, 108, 1.0000, 8.2478, 8.2478, 8.2478, 8.2478, 8.2478, 8.2478, 8.2478]
[229, 29, 29, 29, 29, 29, 29, 29, 37, 37, 37, 37, 37, 37, 37, 37, 1.0000, 25.5948, 25.5948, 25.5948, 25.5948, 25.5948, 25.5948, 25.5948]
[230, 24, 24, 24, 24, 24, 24, 24, 65, 65, 65, 65, 65, 65, 65, 65, 1.0000, 104.0695, 104.0695, 104.0695, 104.0695, 104.0695, 104.0695, 104.0695]
[231, 27, 27, 27, 27, 27, 27, 27, 44, 44, 44, 44, 44, 44, 44, 44, 1.0000, 4.9876, 4.9876, 4.9876, 4.9876, 4.9876, 4.9876, 4.9876]
[232, 29, 29, 29, 29, 29, 29, 29, 15, 15, 15, 15, 15, 15, 15, 15, 1.0000, 29.4885, 29.4885, 29.4885, 29.4885, 29.4885, 29.4885, 29.4885]
[233, 24, 24, 24, 24, 24, 24, 24, 428, 428, 428, 428, 428, 428, 428, 428, 1.0000, 32.0998, 32.0998, 32.0998, 32.0998, 32.0998, 32.0998, 32.0998]
[234, 22, 22, 22, 22, 22, 22, 22, 134, 134, 134, 134, 134, 134, 134, 134, 1.0000, 21.5814, 21.5814, 21.5814, 21.5814, 21.5814, 21.5814, 21.5814]
[235, 13, 13, 13, 13, 13, 13, 13, 237, 237, 237, 237, 237, 237, 237, 237, 1.0000, 1.4399, 1.4399, 1.4399, 1.4399, 1.4399, 1.4399, 1.4399]
[236, 25, 25, 25, 25, 25, 25, 25, 178, 178, 178, 178, 178, 178, 178, 178, 1.0000, 20.6010, 20.6010, 20.6010, 20.6010, 20.6010, 20.6010, 20.6010]
[237, 23, 23, 23, 23, 23, 23, 23, 109, 109, 109, 109, 109, 109, 109, 109, 1.0000, 38.9841, 38.9841, 38.9841, 38.9841, 38.9841, 38.9841, 38.9841]
[238, 19, 19, 19, 19, 19, 19, 19, 347, 347, 347, 347, 347, 347, 347, 347, 1.0000, 949.1476, 949.1476, 949.1476, 949.1476, 949.1476, 949.1476, 949.1476]
[239, 24, 24, 24, 24, 24, 24, 24, 107, 107, 107, 107, 107, 107, 107, 107, 1.0000, 54.9681, 54.9681, 54.9681, 54.9681, 54.9681, 54.9681, 54.9681]
[240, 25, 25, 25, 25, 25, 25, 25, 108, 108, 108, 108, 108, 108, 108, 108, 1.0000, 34.2704, 34.2704, 34.2704, 34.2704, 34.2704, 34.2704, 34.2704]
[241, 25, 25, 25, 25, 25, 25, 25, 102, 102, 102, 102, 102, 102, 102, 102, 1.0000, 65.3018, 65.3018, 65.3018, 65.3018, 65.3018, 65.3018, 65.3018]
[242, 25, 25, 25, 25, 25, 25, 25, 155, 155, 155, 155, 155, 155, 155, 155, 1.0000, 21.5009, 21.5009, 21.5009, 21.5009, 21.5009, 21.5009, 21.5009]
[243, 24, 24, 24, 24, 24, 24, 24, 64, 64, 64, 64, 64, 64, 64, 64, 1.0000, 127.0982, 127.0982, 127.0982, 127.0982, 127.0982, 127.0982, 127.0982]
[244, 24, 24, 24, 24, 24, 24, 24, 55, 55, 55, 55, 55, 55, 55, 55, 1.0000, 320.8969, 320.8969, 320.8969, 320.8969, 320.8969, 320.8969, 320.8969]
[245, 24, 24, 24, 24, 24, 24, 24, 89, 89, 89, 89, 89, 89, 89, 89, 1.0000, 31.3938, 31.3938, 31.3938, 31.3938, 31.3938, 31.3938, 31.3938]
[246, 24, 24, 24, 24, 24, 24, 24, 85, 85, 85, 85, 85, 85, 85, 85, 1.0000, 67.4424, 67.4424, 67.4424, 67.4424, 67.4424, 67.4424, 67.4424]
[247, 13, 13, 13, 13, 13, 13, 13, 92, 92, 92, 92, 92, 92, 92, 92, 1.0000, 25.6731, 25.6731, 25.6731, 25.6731, 25.6731, 25.6731, 25.6731]
[248, 2, 2, 2, 2, 2, 2, 2, 479, 479, 479, 479, 479, 479, 479, 479, 1.0000, 16.8914, 16.8914, 16.8914, 16.8914, 16.8914, 16.8914, 16.8914]
[249, 15, 15, 15, 15, 15, 15, 15, 91, 91, 91, 91, 91, 91, 91, 91, 1.0000, 9.1465, 9.1465, 9.1465, 9.1465, 9.1465, 9.1465, 9.1465]
[250, 24, 24, 24, 24, 24, 24, 24, 15, 15, 15, 15, 15, 15, 15, 15, 1.0000, 10.0333, 10.0333, 10.0333, 10.0333, 10.0333, 10.0333, 10.0333]
[251, 22, 22, 22, 22, 22, 22, 22, 145, 145, 145, 145, 145, 145, 145, 145, 1.0000, 12.4237, 12.4237, 12.4237, 12.4237, 12.4237, 12.4237, 12.4237]
[252, 22, 22, 22, 22, 22, 22, 22, 7, 7, 7, 7, 7, 7, 7, 7, 1.0000, 29.7001, 29.7001, 29.7001, 29.7001, 29.7001, 29.7001, 29.7001]
[253, 24, 24, 24, 24, 24, 24, 24, 36, 36, 36, 36, 36, 36, 36, 36, 1.0000, 41.9402, 41.9402, 41.9402, 41.9402, 41.9402, 41.9402, 41.9402]
[254, 34, 34, 34, 34, 34, 34, 34, 0, 0, 0, 0, 0, 0, 0, 0, 1.0000, 18.2221, 18.2221, 18.2221, 18.2221, 18.2221, 18.2221, 18.2221]
[255, 23, 23, 23, 23, 23, 23, 23, 304, 304, 304, 304, 304, 304, 304, 304, 1.0000, 49.2492, 49.2492, 49.2492, 49.2492, 49.2492, 49.2492, 49.2492]
[256, 22, 22, 22, 22, 22, 22, 22, 10, 10, 10, 10, 10, 10, 10, 10, 1.0000, 414.3643, 414.3643, 414.3643, 414.3643, 414.3643, 414.3643, 414.3643]
[257, 14, 14, 14, 14, 14, 14, 14, 204, 204, 204, 204, 204, 204, 204, 204, 1.0000, 22.8725, 22.8725, 22.8725, 22.8725, 22.8725, 22.8725, 22.8725]
[258, 22, 22, 22, 22, 22, 22, 22, 65, 65, 65, 65, 65, 65, 65, 65, 1.0000, 17.8797, 17.8797, 17.8797, 17.8797, 17.8797, 17.8797, 17.8797]
[259, 23, 23, 23, 23, 23, 23, 23, 82, 82, 82, 82, 82, 82, 82, 82, 1.0000, 46.8533, 46.8533, 46.8533, 46.8533, 46.8533, 46.8533, 46.8533]
[260, 22, 22, 22, 22, 22, 22, 22, 3, 3, 3, 3, 3, 3, 3, 3, 1.0000, 351.4236, 351.4236, 351.4236, 351.4236, 351.4236, 351.4236, 351.4236]
[261, 25, 25, 25, 25, 25, 25, 25, 121, 121, 121, 121, 121, 121, 121, 121, 1.0000, 201.1072, 201.1072, 201.1072, 201.1072, 201.1072, 201.1072, 201.1072]
[262, 24, 24, 24, 24, 24, 24, 24, 242, 242, 242, 242, 242, 242, 242, 242, 1.0000, 9.4934, 9.4934, 9.4934, 9.4934, 9.4934, 9.4934, 9.4934]
[263, 24, 24, 24, 24, 24, 24, 24, 34, 34, 34, 34, 34, 34, 34, 34, 1.0000, 39.9760, 39.9760, 39.9760, 39.9760, 39.9760, 39.9760, 39.9760]
[264, 24, 24, 24, 24, 24, 24, 24, 116, 116, 116, 116, 116, 116, 116, 116, 1.0000, 20.7919, 20.7919, 20.7919, 20.7919, 20.7919, 20.7919, 20.7919]
[265, 23, 23, 23, 23, 23, 23, 23, 236, 236, 236, 236, 236, 236, 236, 236, 1.0000, 26.9194, 26.9194, 26.9194, 26.9194, 26.9194, 26.9194, 26.9194]
[266, 8, 8, 8, 8, 8, 8, 8, 52, 52, 52, 52, 52, 52, 52, 52, 1.0000, 4.8420, 4.8420, 4.8420, 4.8420, 4.8420, 4.8420, 4.8420]
[267, 24, 24, 24, 24, 24, 24, 24, 460, 460, 460, 460, 460, 460, 460, 460, 1.0000, 37.5885, 37.5885, 37.5885, 37.5885, 37.5885, 37.5885, 37.5885]
[268, 24, 24, 24, 24, 24, 24, 24, 61, 61, 61, 61, 61, 61, 61, 61, 1.0000, 21.8516, 21.8516, 21.8516, 21.8516, 21.8516, 21.8516, 21.8516]
[269, 14, 14, 14, 14, 14, 14, 14, 13, 13, 13, 13, 13, 13, 13, 13, 1.0000, 34.1127, 34.1127, 34.1127, 34.1127, 34.1127, 34.1127, 34.1127]
[270, 22, 22, 22, 22, 22, 22, 22, 178, 178, 178, 178, 178, 178, 178, 178, 1.0000, 12.7647, 12.7647, 12.7647, 12.7647, 12.7647, 12.7647, 12.7647]
[271, 22, 22, 22, 22, 22, 22, 22, 73, 73, 73, 73, 73, 73, 73, 73, 1.0000, 12.3064, 12.3064, 12.3064, 12.3064, 12.3064, 12.3064, 12.3064]
[272, 9, 9, 9, 9, 9, 9, 9, 118, 118, 118, 118, 118, 118, 118, 118, 1.0000, 5.5147, 5.5147, 5.5147, 5.5147, 5.5147, 5.5147, 5.5147]
[273, 28, 28, 28, 28, 28, 28, 28, 429, 429, 429, 429, 429, 429, 429, 429, 1.0000, 14.8644, 14.8644, 14.8644, 14.8644, 14.8644, 14.8644, 14.8644]
[274, 23, 23, 23, 23, 23, 23, 23, 565, 565, 565, 565, 565, 565, 565, 565, 1.0000, 54.7597, 54.7597, 54.7597, 54.7597, 54.7597, 54.7597, 54.7597]
[275, 22, 22, 22, 22, 22, 22, 22, 129, 129, 129, 129, 129, 129, 129, 129, 1.0000, 16.7644, 16.7644, 16.7644, 16.7644, 16.7644, 16.7644, 16.7644]
[276, 35, 35, 35, 35, 35, 35, 35, 64, 64, 64, 64, 64, 64, 64, 64, 1.0000, 15.8780, 15.8780, 15.8780, 15.8780, 15.8780, 15.8780, 15.8780]
[277, 13, 13, 13, 13, 13, 13, 13, 350, 350, 350, 350, 350, 350, 350, 350, 1.0000, 1.8968, 1.8968, 1.8968, 1.8968, 1.8968, 1.8968, 1.8968]
[278, 25, 25, 25, 25, 25, 25, 25, 26, 26, 26, 26, 26, 26, 26, 26, 1.0000, 40.3364, 40.3364, 40.3364, 40.3364, 40.3364, 40.3364, 40.3364]
[279, 24, 24, 24, 24, 24, 24, 24, 4, 4, 4, 4, 4, 4, 4, 4, 1.0000, 128.2025, 128.2025, 128.2025, 128.2025, 128.2025, 128.2025, 128.2025]
[280, 20, 20, 20, 20, 20, 20, 20, 171, 171, 171, 171, 171, 171, 171, 171, 1.0000, 29.1004, 29.1004, 29.1004, 29.1004, 29.1004, 29.1004, 29.1004]
[281, 22, 22, 22, 22, 22, 22, 22, 188, 188, 188, 188, 188, 188, 188, 188, 1.0000, 4.3503, 4.3503, 4.3503, 4.3503, 4.3503, 4.3503, 4.3503]
[282, 24, 24, 24, 24, 24, 24, 24, 140, 140, 140, 140, 140, 140, 140, 140, 1.0000, 54.2820, 54.2820, 54.2820, 54.2820, 54.2820, 54.2820, 54.2820]
[283, 6, 6, 6, 6, 6, 6, 6, 142, 142, 142, 142, 142, 142, 142, 142, 1.0000, 42.5546, 42.5546, 42.5546, 42.5546, 42.5546, 42.5546, 42.5546]
[284, 0, 0, 0, 0, 0, 0, 0, 42, 42, 42, 42, 42, 42, 42, 42, 1.0000, 36.8814, 36.8814, 36.8814, 36.8814, 36.8814, 36.8814, 36.8814]
[285, 22, 22, 22, 22, 22, 22, 22, 2, 2, 2, 2, 2, 2, 2, 2, 1.0000, 12.9842, 12.9842, 12.9842, 12.9842, 12.9842, 12.9842, 12.9842]
[286, 25, 25, 25, 25, 25, 25, 25, 6, 6, 6, 6, 6, 6, 6, 6, 1.0000, 308.7492, 308.7492, 308.7492, 308.7492, 308.7492, 308.7492, 308.7492]
[287, 24, 24, 24, 24, 24, 24, 24, 145, 145, 145, 145, 145, 145, 145, 145, 1.0000, 40.3152, 40.3152, 40.3152, 40.3152, 40.3152, 40.3152, 40.3152]
[288, 24, 24, 24, 24, 24, 24, 24, 51, 51, 51, 51, 51, 51, 51, 51, 1.0000, 102.9976, 102.9976, 102.9976, 102.9976, 102.9976, 102.9976, 102.9976]
[289, 25, 25, 25, 25, 25, 25, 25, 168, 168, 168, 168, 168, 168, 168, 168, 1.0000, 94.3318, 94.3318, 94.3318, 94.3318, 94.3318, 94.3318, 94.3318]
[290, 17, 17, 17, 17, 17, 17, 17, 69, 69, 69, 69, 69, 69, 69, 69, 1.0000, 0.6910, 0.6910, 0.6910, 0.6910, 0.6910, 0.6910, 0.6910]
[291, 10, 10, 10, 10, 10, 10, 10, 6, 6, 6, 6, 6, 6, 6, 6, 1.0000, 5.4857, 5.4857, 5.4857, 5.4857, 5.4857, 5.4857, 5.4857]
[292, 24, 24, 24, 24, 24, 24, 24, 83, 83, 83, 83, 83, 83, 83, 83, 1.0000, 92.1910, 92.1910, 92.1910, 92.1910, 92.1910, 92.1910, 92.1910]
[293, 24, 24, 24, 24, 24, 24, 24, 511, 511, 511, 511, 511, 511, 511, 511, 1.0000, 6.5777, 6.5777, 6.5777, 6.5777, 6.5777, 6.5777, 6.5777]
[294, 21, 21, 21, 21, 21, 21, 21, 27, 27, 27, 27, 27, 27, 27, 27, 1.0000, 11.0945, 11.0945, 11.0945, 11.0945, 11.0945, 11.0945, 11.0945]
[295, 24, 24, 24, 24, 24, 24, 24, 426, 426, 426, 426, 426, 426, 426, 426, 1.0000, 9.4613, 9.4613, 9.4613, 9.4613, 9.4613, 9.4613, 9.4613]
[296, 17, 17, 17, 17, 17, 17, 17, 134, 134, 134, 134, 134, 134, 134, 134, 1.0000, 1.7828, 1.7828, 1.7828, 1.7828, 1.7828, 1.7828, 1.7828]
[297, 25, 25, 25, 25, 25, 25, 25, 198, 198, 198, 198, 198, 198, 198, 198, 1.0000, 2.3018, 2.3018, 2.3018, 2.3018, 2.3018, 2.3018, 2.3018]
[298, 23, 23, 23, 23, 23, 23, 23, 100, 100, 100, 100, 100, 100, 100, 100, 1.0000, 141.5377, 141.5377, 141.5377, 141.5377, 141.5377, 141.5377, 141.5377]
[299, 25, 25, 25, 25, 25, 25, 25, 197, 197, 197, 197, 197, 197, 197, 197, 1.0000, 398.4541, 398.4541, 398.4541, 398.4541, 398.4541, 398.4541, 398.4541]
[300, 22, 22, 22, 22, 22, 22, 22, 163, 163, 163, 163, 163, 163, 163, 163, 1.0000, 8.5442, 8.5442, 8.5442, 8.5442, 8.5442, 8.5442, 8.5442]
[301, 22, 22, 22, 22, 22, 22, 22, 237, 237, 237, 237, 237, 237, 237, 237, 1.0000, 22.2960, 22.2960, 22.2960, 22.2960, 22.2960, 22.2960, 22.2960]
[302, 33, 33, 33, 33, 33, 33, 33, 7, 7, 7, 7, 7, 7, 7, 7, 1.0000, 3.1100, 3.1100, 3.1100, 3.1100, 3.1100, 3.1100, 3.1100]
[303, 22, 22, 22, 22, 22, 22, 22, 39, 39, 39, 39, 39, 39, 39, 39, 1.0000, 7.2221, 7.2221, 7.2221, 7.2221, 7.2221, 7.2221, 7.2221]
[304, 24, 24, 24, 24, 24, 24, 24, 196, 196, 196, 196, 196, 196, 196, 196, 1.0000, 16.3587, 16.3587, 16.3587, 16.3587, 16.3587, 16.3587, 16.3587]
[305, 24, 24, 24, 24, 24, 24, 24, 26, 26, 26, 26, 26, 26, 26, 26, 1.0000, 107.1396, 107.1396, 107.1396, 107.1396, 107.1396, 107.1396, 107.1396]
[306, 22, 22, 22, 22, 22, 22, 22, 213, 213, 213, 213, 213, 213, 213, 213, 1.0000, 3.1484, 3.1484, 3.1484, 3.1484, 3.1484, 3.1484, 3.1484]
[307, 25, 25, 25, 25, 25, 25, 25, 11, 11, 11, 11, 11, 11, 11, 11, 1.0000, 451.4424, 451.4424, 451.4424, 451.4424, 451.4424, 451.4424, 451.4424]
[308, 22, 22, 22, 22, 22, 22, 22, 46, 46, 46, 46, 46, 46, 46, 46, 1.0000, 3.5132, 3.5132, 3.5132, 3.5132, 3.5132, 3.5132, 3.5132]
[309, 27, 27, 27, 27, 27, 27, 27, 121, 121, 121, 121, 121, 121, 121, 121, 1.0000, 14.3094, 14.3094, 14.3094, 14.3094, 14.3094, 14.3094, 14.3094]
[310, 24, 24, 24, 24, 24, 24, 24, 26, 26, 26, 26, 26, 26, 26, 26, 1.0000, 178.2081, 178.2081, 178.2081, 178.2081, 178.2081, 178.2081, 178.2081]
[311, 24, 24, 24, 24, 24, 24, 24, 109, 109, 109, 109, 109, 109, 109, 109, 1.0000, 52.1777, 52.1777, 52.1777, 52.1777, 52.1777, 52.1777, 52.1777]
[312, 21, 21, 21, 21, 21, 21, 21, 172, 172, 172, 172, 172, 172, 172, 172, 1.0000, 18.9324, 18.9324, 18.9324, 18.9324, 18.9324, 18.9324, 18.9324]
[313, 12, 12, 12, 12, 12, 12, 12, 131, 131, 131, 131, 131, 131, 131, 131, 1.0000, 35.9262, 35.9262, 35.9262, 35.9262, 35.9262, 35.9262, 35.9262]
[314, 24, 24, 24, 24, 24, 24, 24, 297, 297, 297, 297, 297, 297, 297, 297, 1.0000, 172.5368, 172.5368, 172.5368, 172.5368, 172.5368, 172.5368, 172.5368]
[315, 22, 22, 22, 22, 22, 22, 22, 5, 5, 5, 5, 5, 5, 5, 5, 1.0000, 33.7387, 33.7387, 33.7387, 33.7387, 33.7387, 33.7387, 33.7387]
[316, 24, 24, 24, 24, 24, 24, 24, 79, 79, 79, 79, 79, 79, 79, 79, 1.0000, 14.7593, 14.7593, 14.7593, 14.7593, 14.7593, 14.7593, 14.7593]
[317, 22, 22, 22, 22, 22, 22, 22, 511, 511, 511, 511, 511, 511, 511, 511, 1.0000, 2.5088, 2.5088, 2.5088, 2.5088, 2.5088, 2.5088, 2.5088]
[318, 17, 17, 17, 17, 17, 17, 17, 73, 73, 73, 73, 73, 73, 73, 73, 1.0000, -0.0836, -0.0836, -0.0836, -0.0836, -0.0836, -0.0836, -0.0836]
[319, 24, 24, 24, 24, 24, 24, 24, 44, 44, 44, 44, 44, 44, 44, 44, 1.0000, 38.5264, 38.5264, 38.5264, 38.5264, 38.5264, 38.5264, 38.5264]
[320, 17, 17, 17, 17, 17, 17, 17, 138, 138, 138, 138, 138, 138, 138, 138, 1.0000, 1.0091, 1.0091, 1.0091, 1.0091, 1.0091, 1.0091, 1.0091]
[321, 20, 20, 20, 20, 20, 20, 20, 575, 575, 575, 575, 575, 575, 575, 575, 1.0000, 1.2588, 1.2588, 1.2588, 1.2588, 1.2588, 1.2588, 1.2588]
[322, 23, 23, 23, 23, 23, 23, 23, 395, 395, 395, 395, 395, 395, 395, 395, 1.0000, 41.3702, 41.3702, 41.3702, 41.3702, 41.3702, 41.3702, 41.3702]
[323, 23, 23, 23, 23, 23, 23, 23, 104, 104, 104, 104, 104, 104, 104, 104, 1.0000, 657.9146, 657.9146, 657.9146, 657.9146, 657.9146, 657.9146, 657.9146]
[324, 24, 24, 24, 24, 24, 24, 24, 53, 53, 53, 53, 53, 53, 53, 53, 1.0000, 40.6695, 40.6695, 40.6695, 40.6695, 40.6695, 40.6695, 40.6695]
[325, 25, 25, 25, 25, 25, 25, 25, 85, 85, 85, 85, 85, 85, 85, 85, 1.0000, 23.4448, 23.4448, 23.4448, 23.4448, 23.4448, 23.4448, 23.4448]
[326, 22, 22, 22, 22, 22, 22, 22, 152, 152, 152, 152, 152, 152, 152, 152, 1.0000, 5.2483, 5.2483, 5.2483, 5.2483, 5.2483, 5.2483, 5.2483]
[327, 0, 0, 0, 0, 0, 0, 0, 14, 14, 14, 14, 14, 14, 14, 14, 1.0000, 44.1467, 44.1467, 44.1467, 44.1467, 44.1467, 44.1467, 44.1467]
[328, 23, 23, 23, 23, 23, 23, 23, 57, 57, 57, 57, 57, 57, 57, 57, 1.0000, 244.6540, 244.6540, 244.6540, 244.6540, 244.6540, 244.6540, 244.6540]
[329, 30, 30, 30, 30, 30, 30, 30, 36, 36, 36, 36, 36, 36, 36, 36, 1.0000, 8.4636, 8.4636, 8.4636, 8.4636, 8.4636, 8.4636, 8.4636]
[330, 22, 22, 22, 22, 22, 22, 22, 132, 132, 132, 132, 132, 132, 132, 132, 1.0000, 21.2547, 21.2547, 21.2547, 21.2547, 21.2547, 21.2547, 21.2547]
[331, 24, 24, 24, 24, 24, 24, 24, 4, 4, 4, 4, 4, 4, 4, 4, 1.0000, 56.3439, 56.3439, 56.3439, 56.3439, 56.3439, 56.3439, 56.3439]
[332, 24, 24, 24, 24, 24, 24, 24, 17, 17, 17, 17, 17, 17, 17, 17, 1.0000, 194.8180, 194.8180, 194.8180, 194.8180, 194.8180, 194.8180, 194.8180]
[333, 22, 22, 22, 22, 22, 22, 22, 618, 618, 618, 618, 618, 618, 618, 618, 1.0000, 5.2521, 5.2521, 5.2521, 5.2521, 5.2521, 5.2521, 5.2521]
[334, 32, 32, 32, 32, 32, 32, 32, 228, 228, 228, 228, 228, 228, 228, 228, 1.0000, 3.6580, 3.6580, 3.6580, 3.6580, 3.6580, 3.6580, 3.6580]
[335, 23, 23, 23, 23, 23, 23, 23, 255, 255, 255, 255, 255, 255, 255, 255, 1.0000, 15.7366, 15.7366, 15.7366, 15.7366, 15.7366, 15.7366, 15.7366]
[336, 23, 23, 23, 23, 23, 23, 23, 83, 83, 83, 83, 83, 83, 83, 83, 1.0000, 109.9402, 109.9402, 109.9402, 109.9402, 109.9402, 109.9402, 109.9402]
[337, 34, 34, 34, 34, 34, 34, 34, 105, 105, 105, 105, 105, 105, 105, 105, 1.0000, 29.9958, 29.9958, 29.9958, 29.9958, 29.9958, 29.9958, 29.9958]
[338, 22, 22, 22, 22, 22, 22, 22, 204, 204, 204, 204, 204, 204, 204, 204, 1.0000, 16.0009, 16.0009, 16.0009, 16.0009, 16.0009, 16.0009, 16.0009]
[339, 22, 22, 22, 22, 22, 22, 22, 283, 283, 283, 283, 283, 283, 283, 283, 1.0000, 7.3718, 7.3718, 7.3718, 7.3718, 7.3718, 7.3718, 7.3718]
[340, 24, 24, 24, 24, 24, 24, 24, 53, 53, 53, 53, 53, 53, 53, 53, 1.0000, 58.7991, 58.7991, 58.7991, 58.7991, 58.7991, 58.7991, 58.7991]
[341, 24, 24, 24, 24, 24, 24, 24, 232, 232, 232, 232, 232, 232, 232, 232, 1.0000, 34.1176, 34.1176, 34.1176, 34.1176, 34.1176, 34.1176, 34.1176]
[342, 14, 14, 14, 14, 14, 14, 14, 119, 119, 119, 119, 119, 119, 119, 119, 1.0000, 2.4940, 2.4940, 2.4940, 2.4940, 2.4940, 2.4940, 2.4940]
[343, 24, 24, 24, 24, 24, 24, 24, 103, 103, 103, 103, 103, 103, 103, 103, 1.0000, 9.4910, 9.4910, 9.4910, 9.4910, 9.4910, 9.4910, 9.4910]
[344, 15, 15, 15, 15, 15, 15, 15, 81, 81, 81, 81, 81, 81, 81, 81, 1.0000, 16.2654, 16.2654, 16.2654, 16.2654, 16.2654, 16.2654, 16.2654]
[345, 8, 8, 8, 8, 8, 8, 8, 18, 18, 18, 18, 18, 18, 18, 18, 1.0000, 10.1745, 10.1745, 10.1745, 10.1745, 10.1745, 10.1745, 10.1745]
[346, 22, 22, 22, 22, 22, 22, 22, 588, 588, 588, 588, 588, 588, 588, 588, 1.0000, 14.7652, 14.7652, 14.7652, 14.7652, 14.7652, 14.7652, 14.7652]
[347, 23, 23, 23, 23, 23, 23, 23, 11, 11, 11, 11, 11, 11, 11, 11, 1.0000, 108.6473, 108.6473, 108.6473, 108.6473, 108.6473, 108.6473, 108.6473]
[348, 3, 3, 3, 3, 3, 3, 3, 154, 154, 154, 154, 154, 154, 154, 154, 1.0000, 13.2699, 13.2699, 13.2699, 13.2699, 13.2699, 13.2699, 13.2699]
[349, 23, 23, 23, 23, 23, 23, 23, 18, 18, 18, 18, 18, 18, 18, 18, 1.0000, 127.4749, 127.4749, 127.4749, 127.4749, 127.4749, 127.4749, 127.4749]
[350, 25, 25, 25, 25, 25, 25, 25, 193, 193, 193, 193, 193, 193, 193, 193, 1.0000, 0.4721, 0.4721, 0.4721, 0.4721, 0.4721, 0.4721, 0.4721]
[351, 22, 22, 22, 22, 22, 22, 22, 44, 44, 44, 44, 44, 44, 44, 44, 1.0000, 24.3472, 24.3472, 24.3472, 24.3472, 24.3472, 24.3472, 24.3472]
[352, 22, 22, 22, 22, 22, 22, 22, 72, 72, 72, 72, 72, 72, 72, 72, 1.0000, 12.9858, 12.9858, 12.9858, 12.9858, 12.9858, 12.9858, 12.9858]
[353, 25, 25, 25, 25, 25, 25, 25, 117, 117, 117, 117, 117, 117, 117, 117, 1.0000, 5.1687, 5.1687, 5.1687, 5.1687, 5.1687, 5.1687, 5.1687]
[354, 23, 23, 23, 23, 23, 23, 23, 281, 281, 281, 281, 281, 281, 281, 281, 1.0000, 15.8391, 15.8391, 15.8391, 15.8391, 15.8391, 15.8391, 15.8391]
[355, 22, 22, 22, 22, 22, 22, 22, 141, 141, 141, 141, 141, 141, 141, 141, 1.0000, 15.2564, 15.2564, 15.2564, 15.2564, 15.2564, 15.2564, 15.2564]
[356, 25, 25, 25, 25, 25, 25, 25, 62, 62, 62, 62, 62, 62, 62, 62, 1.0000, 104.5716, 104.5716, 104.5716, 104.5716, 104.5716, 104.5716, 104.5716]
[357, 22, 22, 22, 22, 22, 22, 22, 147, 147, 147, 147, 147, 147, 147, 147, 1.0000, 23.5640, 23.5640, 23.5640, 23.5640, 23.5640, 23.5640, 23.5640]
[358, 13, 13, 13, 13, 13, 13, 13, 386, 386, 386, 386, 386, 386, 386, 386, 1.0000, 2.1572, 2.1572, 2.1572, 2.1572, 2.1572, 2.1572, 2.1572]
[359, 16, 16, 16, 16, 16, 16, 16, 82, 82, 82, 82, 82, 82, 82, 82, 1.0000, 11.3168, 11.3168, 11.3168, 11.3168, 11.3168, 11.3168, 11.3168]
[360, 17, 17, 17, 17, 17, 17, 17, 348, 348, 348, 348, 348, 348, 348, 348, 1.0000, 2.3836, 2.3836, 2.3836, 2.3836, 2.3836, 2.3836, 2.3836]
[361, 24, 24, 24, 24, 24, 24, 24, 84, 84, 84, 84, 84, 84, 84, 84, 1.0000, 153.0186, 153.0186, 153.0186, 153.0186, 153.0186, 153.0186, 153.0186]
[362, 2, 2, 2, 2, 2, 2, 2, 208, 208, 208, 208, 208, 208, 208, 208, 1.0000, 7.8135, 7.8135, 7.8135, 7.8135, 7.8135, 7.8135, 7.8135]
[363, 25, 25, 25, 25, 25, 25, 25, 581, 581, 581, 581, 581, 581, 581, 581, 1.0000, 59.8125, 59.8125, 59.8125, 59.8125, 59.8125, 59.8125, 59.8125]
[364, 22, 22, 22, 22, 22, 22, 22, 220, 220, 220, 220, 220, 220, 220, 220, 1.0000, 40.8878, 40.8878, 40.8878, 40.8878, 40.8878, 40.8878, 40.8878]
[365, 23, 23, 23, 23, 23, 23, 23, 41, 41, 41, 41, 41, 41, 41, 41, 1.0000, 400.9349, 400.9349, 400.9349, 400.9349, 400.9349, 400.9349, 400.9349]
[366, 17, 17, 17, 17, 17, 17, 17, 265, 265, 265, 265, 265, 265, 265, 265, 1.0000, 2.6247, 2.6247, 2.6247, 2.6247, 2.6247, 2.6247, 2.6247]
[367, 3, 3, 3, 3, 3, 3, 3, 22, 22, 22, 22, 22, 22, 22, 22, 1.0000, 3.4346, 3.4346, 3.4346, 3.4346, 3.4346, 3.4346, 3.4346]
[368, 22, 22, 22, 22, 22, 22, 22, 352, 352, 352, 352, 352, 352, 352, 352, 1.0000, 26.8883, 26.8883, 26.8883, 26.8883, 26.8883, 26.8883, 26.8883]
[369, 25, 25, 25, 25, 25, 25, 25, 73, 73, 73, 73, 73, 73, 73, 73, 1.0000, 30.9786, 30.9786, 30.9786, 30.9786, 30.9786, 30.9786, 30.9786]
[370, 22, 22, 22, 22, 22, 22, 22, 359, 359, 359, 359, 359, 359, 359, 359, 1.0000, 34.8533, 34.8533, 34.8533, 34.8533, 34.8533, 34.8533, 34.8533]
[371, 24, 24, 24, 24, 24, 24, 24, 90, 90, 90, 90, 90, 90, 90, 90, 1.0000, 13.1067, 13.1067, 13.1067, 13.1067, 13.1067, 13.1067, 13.1067]
[372, 25, 25, 25, 25, 25, 25, 25, 335, 335, 335, 335, 335, 335, 335, 335, 1.0000, 3.4459, 3.4459, 3.4459, 3.4459, 3.4459, 3.4459, 3.4459]
[373, 24, 24, 24, 24, 24, 24, 24, 264, 264, 264, 264, 264, 264, 264, 264, 1.0000, 156.1241, 156.1241, 156.1241, 156.1241, 156.1241, 156.1241, 156.1241]
[374, 12, 12, 12, 12, 12, 12, 12, 70, 70, 70, 70, 70, 70, 70, 70, 1.0000, 114.4542, 114.4542, 114.4542, 114.4542, 114.4542, 114.4542, 114.4542]
[375, 23, 23, 23, 23, 23, 23, 23, 54, 54, 54, 54, 54, 54, 54, 54, 1.0000, 38.8267, 38.8267, 38.8267, 38.8267, 38.8267, 38.8267, 38.8267]
[376, 25, 25, 25, 25, 25, 25, 25, 117, 117, 117, 117, 117, 117, 117, 117, 1.0000, 461.2424, 461.2424, 461.2424, 461.2424, 461.2424, 461.2424, 461.2424]
[377, 22, 22, 22, 22, 22, 22, 22, 69, 69, 69, 69, 69, 69, 69, 69, 1.0000, 33.4230, 33.4230, 33.4230, 33.4230, 33.4230, 33.4230, 33.4230]
[378, 22, 22, 22, 22, 22, 22, 22, 296, 296, 296, 296, 296, 296, 296, 296, 1.0000, 9.5186, 9.5186, 9.5186, 9.5186, 9.5186, 9.5186, 9.5186]
[379, 22, 22, 22, 22, 22, 22, 22, 192, 192, 192, 192, 192, 192, 192, 192, 1.0000, 30.0277, 30.0277, 30.0277, 30.0277, 30.0277, 30.0277, 30.0277]
[380, 11, 11, 11, 11, 11, 11, 11, 241, 241, 241, 241, 241, 241, 241, 241, 1.0000, 11.4423, 11.4423, 11.4423, 11.4423, 11.4423, 11.4423, 11.4423]
[381, 2, 2, 2, 2, 2, 2, 2, 260, 260, 260, 260, 260, 260, 260, 260, 1.0000, 10.1410, 10.1410, 10.1410, 10.1410, 10.1410, 10.1410, 10.1410]
[382, 22, 22, 22, 22, 22, 22, 22, 148, 148, 148, 148, 148, 148, 148, 148, 1.0000, 15.9113, 15.9113, 15.9113, 15.9113, 15.9113, 15.9113, 15.9113]
[383, 24, 24, 24, 24, 24, 24, 24, 7, 7, 7, 7, 7, 7, 7, 7, 1.0000, 1379.3837, 1379.3837, 1379.3837, 1379.3837, 1379.3837, 1379.3837, 1379.3837]
[384, 14, 14, 14, 14, 14, 14, 14, 15, 15, 15, 15, 15, 15, 15, 15, 1.0000, 6.6606, 6.6606, 6.6606, 6.6606, 6.6606, 6.6606, 6.6606]
[385, 3, 3, 3, 3, 3, 3, 3, 7, 7, 7, 7, 7, 7, 7, 7, 1.0000, 11.6583, 11.6583, 11.6583, 11.6583, 11.6583, 11.6583, 11.6583]
[386, 32, 32, 32, 32, 32, 32, 32, 96, 96, 96, 96, 96, 96, 96, 96, 1.0000, 41.0566, 41.0566, 41.0566, 41.0566, 41.0566, 41.0566, 41.0566]
[387, 7, 7, 7, 7, 7, 7, 7, 139, 139, 139, 139, 139, 139, 139, 139, 1.0000, 0.9715, 0.9715, 0.9715, 0.9715, 0.9715, 0.9715, 0.9715]
[388, 24, 24, 24, 24, 24, 24, 24, 213, 213, 213, 213, 213, 213, 213, 213, 1.0000, 68.2418, 68.2418, 68.2418, 68.2418, 68.2418, 68.2418, 68.2418]
[389, 23, 23, 23, 23, 23, 23, 23, 158, 158, 158, 158, 158, 158, 158, 158, 1.0000, 29.2176, 29.2176, 29.2176, 29.2176, 29.2176, 29.2176, 29.2176]
[390, 22, 22, 22, 22, 22, 22, 22, 50, 50, 50, 50, 50, 50, 50, 50, 1.0000, 35.6365, 35.6365, 35.6365, 35.6365, 35.6365, 35.6365, 35.6365]
[391, 19, 19, 19, 19, 19, 19, 19, 187, 187, 187, 187, 187, 187, 187, 187, 1.0000, 2.2744, 2.2744, 2.2744, 2.2744, 2.2744, 2.2744, 2.2744]
[392, 35, 35, 35, 35, 35, 35, 35, 40, 40, 40, 40, 40, 40, 40, 40, 1.0000, 5.3578, 5.3578, 5.3578, 5.3578, 5.3578, 5.3578, 5.3578]
[393, 23, 23, 23, 23, 23, 23, 23, 267, 267, 267, 267, 267, 267, 267, 267, 1.0000, 13.6255, 13.6255, 13.6255, 13.6255, 13.6255, 13.6255, 13.6255]
[394, 25, 25, 25, 25, 25, 25, 25, 192, 192, 192, 192, 192, 192, 192, 192, 1.0000, 4.9060, 4.9060, 4.9060, 4.9060, 4.9060, 4.9060, 4.9060]
[395, 24, 24, 24, 24, 24, 24, 24, 435, 435, 435, 435, 435, 435, 435, 435, 1.0000, 106.0197, 106.0197, 106.0197, 106.0197, 106.0197, 106.0197, 106.0197]
[396, 24, 24, 24, 24, 24, 24, 24, 556, 556, 556, 556, 556, 556, 556, 556, 1.0000, 52.0913, 52.0913, 52.0913, 52.0913, 52.0913, 52.0913, 52.0913]
[397, 10, 10, 10, 10, 10, 10, 10, 12, 12, 12, 12, 12, 12, 12, 12, 1.0000, 18.6114, 18.6114, 18.6114, 18.6114, 18.6114, 18.6114, 18.6114]
[398, 15, 15, 15, 15, 15, 15, 15, 442, 442, 442, 442, 442, 442, 442, 442, 1.0000, 53.9551, 53.9551, 53.9551, 53.9551, 53.9551, 53.9551, 53.9551]
[399, 30, 30, 30, 30, 30, 30, 30, 281, 281, 281, 281, 281, 281, 281, 281, 1.0000, 3387.4785, 3387.4785, 3387.4785, 3387.4785, 3387.4785, 3387.4785, 3387.4785]
[400, 14, 14, 14, 14, 14, 14, 14, 102, 102, 102, 102, 102, 102, 102, 102, 1.0000, 117.4848, 117.4848, 117.4848, 117.4848, 117.4848, 117.4848, 117.4848]
[401, 18, 18, 18, 18, 18, 18, 18, 270, 270, 270, 270, 270, 270, 270, 270, 1.0000, 4.8405, 4.8405, 4.8405, 4.8405, 4.8405, 4.8405, 4.8405]
[402, 24, 24, 24, 24, 24, 24, 24, 238, 238, 238, 238, 238, 238, 238, 238, 1.0000, 69.8888, 69.8888, 69.8888, 69.8888, 69.8888, 69.8888, 69.8888]
[403, 10, 10, 10, 10, 10, 10, 10, 143, 143, 143, 143, 143, 143, 143, 143, 1.0000, 23.1074, 23.1074, 23.1074, 23.1074, 23.1074, 23.1074, 23.1074]
[404, 23, 23, 23, 23, 23, 23, 23, 588, 588, 588, 588, 588, 588, 588, 588, 1.0000, 3.4811, 3.4811, 3.4811, 3.4811, 3.4811, 3.4811, 3.4811]
[405, 22, 22, 22, 22, 22, 22, 22, 32, 32, 32, 32, 32, 32, 32, 32, 1.0000, 12.2587, 12.2587, 12.2587, 12.2587, 12.2587, 12.2587, 12.2587]
[406, 6, 6, 6, 6, 6, 6, 6, 391, 391, 391, 391, 391, 391, 391, 391, 1.0000, 3.9737, 3.9737, 3.9737, 3.9737, 3.9737, 3.9737, 3.9737]
[407, 28, 28, 28, 28, 28, 28, 28, 427, 427, 427, 427, 427, 427, 427, 427, 1.0000, 34.0873, 34.0873, 34.0873, 34.0873, 34.0873, 34.0873, 34.0873]
[408, 22, 22, 22, 22, 22, 22, 22, 170, 170, 170, 170, 170, 170, 170, 170, 1.0000, 12.1959, 12.1959, 12.1959, 12.1959, 12.1959, 12.1959, 12.1959]
[409, 23, 23, 23, 23, 23, 23, 23, 180, 180, 180, 180, 180, 180, 180, 180, 1.0000, 522.5869, 522.5869, 522.5869, 522.5869, 522.5869, 522.5869, 522.5869]
[410, 23, 23, 23, 23, 23, 23, 23, 6, 6, 6, 6, 6, 6, 6, 6, 1.0000, 13.0411, 13.0411, 13.0411, 13.0411, 13.0411, 13.0411, 13.0411]
[411, 24, 24, 24, 24, 24, 24, 24, 48, 48, 48, 48, 48, 48, 48, 48, 1.0000, 89.1478, 89.1478, 89.1478, 89.1478, 89.1478, 89.1478, 89.1478]
[412, 24, 24, 24, 24, 24, 24, 24, 30, 30, 30, 30, 30, 30, 30, 30, 1.0000, 62.7735, 62.7735, 62.7735, 62.7735, 62.7735, 62.7735, 62.7735]
[413, 24, 24, 24, 24, 24, 24, 24, 348, 348, 348, 348, 348, 348, 348, 348, 1.0000, 14.7311, 14.7311, 14.7311, 14.7311, 14.7311, 14.7311, 14.7311]
[414, 27, 27, 27, 27, 27, 27, 27, 105, 105, 105, 105, 105, 105, 105, 105, 1.0000, 7.5952, 7.5952, 7.5952, 7.5952, 7.5952, 7.5952, 7.5952]
[415, 17, 17, 17, 17, 17, 17, 17, 368, 368, 368, 368, 368, 368, 368, 368, 1.0000, 14.9259, 14.9259, 14.9259, 14.9259, 14.9259, 14.9259, 14.9259]
[416, 23, 23, 23, 23, 23, 23, 23, 215, 215, 215, 215, 215, 215, 215, 215, 1.0000, 17.8924, 17.8924, 17.8924, 17.8924, 17.8924, 17.8924, 17.8924]
[417, 14, 14, 14, 14, 14, 14, 14, 106, 106, 106, 106, 106, 106, 106, 106, 1.0000, 1.7202, 1.7202, 1.7202, 1.7202, 1.7202, 1.7202, 1.7202]
[418, 13, 13, 13, 13, 13, 13, 13, 90, 90, 90, 90, 90, 90, 90, 90, 1.0000, 33.0255, 33.0255, 33.0255, 33.0255, 33.0255, 33.0255, 33.0255]
[419, 24, 24, 24, 24, 24, 24, 24, 192, 192, 192, 192, 192, 192, 192, 192, 1.0000, 21.6810, 21.6810, 21.6810, 21.6810, 21.6810, 21.6810, 21.6810]
[420, 24, 24, 24, 24, 24, 24, 24, 10, 10, 10, 10, 10, 10, 10, 10, 1.0000, 20.7604, 20.7604, 20.7604, 20.7604, 20.7604, 20.7604, 20.7604]
[421, 28, 28, 28, 28, 28, 28, 28, 89, 89, 89, 89, 89, 89, 89, 89, 1.0000, 8.6392, 8.6392, 8.6392, 8.6392, 8.6392, 8.6392, 8.6392]
[422, 25, 25, 25, 25, 25, 25, 25, 119, 119, 119, 119, 119, 119, 119, 119, 1.0000, 130.9769, 130.9769, 130.9769, 130.9769, 130.9769, 130.9769, 130.9769]
[423, 24, 24, 24, 24, 24, 24, 24, 230, 230, 230, 230, 230, 230, 230, 230, 1.0000, 31.5913, 31.5913, 31.5913, 31.5913, 31.5913, 31.5913, 31.5913]
[424, 32, 32, 32, 32, 32, 32, 32, 210, 210, 210, 210, 210, 210, 210, 210, 1.0000, 8.0721, 8.0721, 8.0721, 8.0721, 8.0721, 8.0721, 8.0721]
[425, 24, 24, 24, 24, 24, 24, 24, 36, 36, 36, 36, 36, 36, 36, 36, 1.0000, 42.8873, 42.8873, 42.8873, 42.8873, 42.8873, 42.8873, 42.8873]
[426, 22, 22, 22, 22, 22, 22, 22, 51, 51, 51, 51, 51, 51, 51, 51, 1.0000, 327.7655, 327.7655, 327.7655, 327.7655, 327.7655, 327.7655, 327.7655]
[427, 29, 29, 29, 29, 29, 29, 29, 8, 8, 8, 8, 8, 8, 8, 8, 1.0000, 13.1729, 13.1729, 13.1729, 13.1729, 13.1729, 13.1729, 13.1729]
[428, 23, 23, 23, 23, 23, 23, 23, 4, 4, 4, 4, 4, 4, 4, 4, 1.0000, 28.0799, 28.0799, 28.0799, 28.0799, 28.0799, 28.0799, 28.0799]
[429, 24, 24, 24, 24, 24, 24, 24, 47, 47, 47, 47, 47, 47, 47, 47, 1.0000, 43.3665, 43.3665, 43.3665, 43.3665, 43.3665, 43.3665, 43.3665]
[430, 24, 24, 24, 24, 24, 24, 24, 8, 8, 8, 8, 8, 8, 8, 8, 1.0000, 48.9157, 48.9157, 48.9157, 48.9157, 48.9157, 48.9157, 48.9157]
[431, 24, 24, 24, 24, 24, 24, 24, 36, 36, 36, 36, 36, 36, 36, 36, 1.0000, 28.5870, 28.5870, 28.5870, 28.5870, 28.5870, 28.5870, 28.5870]
[432, 33, 33, 33, 33, 33, 33, 33, 180, 180, 180, 180, 180, 180, 180, 180, 1.0000, 5.0346, 5.0346, 5.0346, 5.0346, 5.0346, 5.0346, 5.0346]
[433, 14, 14, 14, 14, 14, 14, 14, 97, 97, 97, 97, 97, 97, 97, 97, 1.0000, 14.0873, 14.0873, 14.0873, 14.0873, 14.0873, 14.0873, 14.0873]
[434, 29, 29, 29, 29, 29, 29, 29, 4, 4, 4, 4, 4, 4, 4, 4, 1.0000, 21.0849, 21.0849, 21.0849, 21.0849, 21.0849, 21.0849, 21.0849]
[435, 22, 22, 22, 22, 22, 22, 22, 10, 10, 10, 10, 10, 10, 10, 10, 1.0000, 7.3953, 7.3953, 7.3953, 7.3953, 7.3953, 7.3953, 7.3953]
[436, 24, 24, 24, 24, 24, 24, 24, 217, 217, 217, 217, 217, 217, 217, 217, 1.0000, 24.7875, 24.7875, 24.7875, 24.7875, 24.7875, 24.7875, 24.7875]
[437, 25, 25, 25, 25, 25, 25, 25, 253, 253, 253, 253, 253, 253, 253, 253, 1.0000, 11.5365, 11.5365, 11.5365, 11.5365, 11.5365, 11.5365, 11.5365]
[438, 24, 24, 24, 24, 24, 24, 24, 459, 459, 459, 459, 459, 459, 459, 459, 1.0000, 100.1603, 100.1603, 100.1603, 100.1603, 100.1603, 100.1603, 100.1603]
[439, 30, 30, 30, 30, 30, 30, 30, 560, 560, 560, 560, 560, 560, 560, 560, 1.0000, 11.5794, 11.5794, 11.5794, 11.5794, 11.5794, 11.5794, 11.5794]
[440, 23, 23, 23, 23, 23, 23, 23, 111, 111, 111, 111, 111, 111, 111, 111, 1.0000, 15.5597, 15.5597, 15.5597, 15.5597, 15.5597, 15.5597, 15.5597]
[441, 14, 14, 14, 14, 14, 14, 14, 313, 313, 313, 313, 313, 313, 313, 313, 1.0000, 9.8119, 9.8119, 9.8119, 9.8119, 9.8119, 9.8119, 9.8119]
[442, 24, 24, 24, 24, 24, 24, 24, 315, 315, 315, 315, 315, 315, 315, 315, 1.0000, 68.9391, 68.9391, 68.9391, 68.9391, 68.9391, 68.9391, 68.9391]
[443, 23, 23, 23, 23, 23, 23, 23, 72, 72, 72, 72, 72, 72, 72, 72, 1.0000, 40.9980, 40.9980, 40.9980, 40.9980, 40.9980, 40.9980, 40.9980]
[444, 23, 23, 23, 23, 23, 23, 23, 1, 1, 1, 1, 1, 1, 1, 1, 1.0000, 155.4984, 155.4984, 155.4984, 155.4984, 155.4984, 155.4984, 155.4984]
[445, 1, 1, 1, 1, 1, 1, 1, 88, 88, 88, 88, 88, 88, 88, 88, 1.0000, 1.5807, 1.5807, 1.5807, 1.5807, 1.5807, 1.5807, 1.5807]
[446, 3, 3, 3, 3, 3, 3, 3, 31, 31, 31, 31, 31, 31, 31, 31, 1.0000, 7.0125, 7.0125, 7.0125, 7.0125, 7.0125, 7.0125, 7.0125]
[447, 21, 21, 21, 21, 21, 21, 21, 152, 152, 152, 152, 152, 152, 152, 152, 1.0000, 3.7515, 3.7515, 3.7515, 3.7515, 3.7515, 3.7515, 3.7515]
[448, 24, 24, 24, 24, 24, 24, 24, 205, 205, 205, 205, 205, 205, 205, 205, 1.0000, 21.9233, 21.9233, 21.9233, 21.9233, 21.9233, 21.9233, 21.9233]
[449, 27, 27, 27, 27, 27, 27, 27, 81, 81, 81, 81, 81, 81, 81, 81, 1.0000, 18.2221, 18.2221, 18.2221, 18.2221, 18.2221, 18.2221, 18.2221]
[450, 24, 24, 24, 24, 24, 24, 24, 310, 310, 310, 310, 310, 310, 310, 310, 1.0000, 367.5122, 367.5122, 367.5122, 367.5122, 367.5122, 367.5122, 367.5122]
[451, 24, 24, 24, 24, 24, 24, 24, 368, 368, 368, 368, 368, 368, 368, 368, 1.0000, 20.4516, 20.4516, 20.4516, 20.4516, 20.4516, 20.4516, 20.4516]
[452, 24, 24, 24, 24, 24, 24, 24, 61, 61, 61, 61, 61, 61, 61, 61, 1.0000, 36.2245, 36.2245, 36.2245, 36.2245, 36.2245, 36.2245, 36.2245]
[453, 17, 17, 17, 17, 17, 17, 17, 20, 20, 20, 20, 20, 20, 20, 20, 1.0000, 1.1538, 1.1538, 1.1538, 1.1538, 1.1538, 1.1538, 1.1538]
[454, 22, 22, 22, 22, 22, 22, 22, 163, 163, 163, 163, 163, 163, 163, 163, 1.0000, 10.6698, 10.6698, 10.6698, 10.6698, 10.6698, 10.6698, 10.6698]
[455, 22, 22, 22, 22, 22, 22, 22, 66, 66, 66, 66, 66, 66, 66, 66, 1.0000, 20.4538, 20.4538, 20.4538, 20.4538, 20.4538, 20.4538, 20.4538]
[456, 24, 24, 24, 24, 24, 24, 24, 106, 106, 106, 106, 106, 106, 106, 106, 1.0000, 42.2672, 42.2672, 42.2672, 42.2672, 42.2672, 42.2672, 42.2672]
[457, 13, 13, 13, 13, 13, 13, 13, 42, 42, 42, 42, 42, 42, 42, 42, 1.0000, 29.7535, 29.7535, 29.7535, 29.7535, 29.7535, 29.7535, 29.7535]
[458, 34, 34, 34, 34, 34, 34, 34, 201, 201, 201, 201, 201, 201, 201, 201, 1.0000, 3.4044, 3.4044, 3.4044, 3.4044, 3.4044, 3.4044, 3.4044]
[459, 22, 22, 22, 22, 22, 22, 22, 215, 215, 215, 215, 215, 215, 215, 215, 1.0000, 48.8717, 48.8717, 48.8717, 48.8717, 48.8717, 48.8717, 48.8717]
[460, 30, 30, 30, 30, 30, 30, 30, 151, 151, 151, 151, 151, 151, 151, 151, 1.0000, 8.0180, 8.0180, 8.0180, 8.0180, 8.0180, 8.0180, 8.0180]
[461, 3, 3, 3, 3, 3, 3, 3, 89, 89, 89, 89, 89, 89, 89, 89, 1.0000, 25.1307, 25.1307, 25.1307, 25.1307, 25.1307, 25.1307, 25.1307]
[462, 22, 22, 22, 22, 22, 22, 22, 2, 2, 2, 2, 2, 2, 2, 2, 1.0000, 14.5822, 14.5822, 14.5822, 14.5822, 14.5822, 14.5822, 14.5822]
[463, 24, 24, 24, 24, 24, 24, 24, 366, 366, 366, 366, 366, 366, 366, 366, 1.0000, 28.5869, 28.5869, 28.5869, 28.5869, 28.5869, 28.5869, 28.5869]
[464, 10, 10, 10, 10, 10, 10, 10, 34, 34, 34, 34, 34, 34, 34, 34, 1.0000, 56.8673, 56.8673, 56.8673, 56.8673, 56.8673, 56.8673, 56.8673]
[465, 23, 23, 23, 23, 23, 23, 23, 482, 482, 482, 482, 482, 482, 482, 482, 1.0000, 29.3916, 29.3916, 29.3916, 29.3916, 29.3916, 29.3916, 29.3916]
[466, 5, 5, 5, 5, 5, 5, 5, 14, 14, 14, 14, 14, 14, 14, 14, 1.0000, 28.5902, 28.5902, 28.5902, 28.5902, 28.5902, 28.5902, 28.5902]
[467, 26, 26, 26, 26, 26, 26, 26, 343, 343, 343, 343, 343, 343, 343, 343, 1.0000, 0.1319, 0.1319, 0.1319, 0.1319, 0.1319, 0.1319, 0.1319]
[468, 24, 24, 24, 24, 24, 24, 24, 5, 5, 5, 5, 5, 5, 5, 5, 1.0000, 89.1370, 89.1370, 89.1370, 89.1370, 89.1370, 89.1370, 89.1370]
[469, 25, 25, 25, 25, 25, 25, 25, 52, 52, 52, 52, 52, 52, 52, 52, 1.0000, 375.6579, 375.6579, 375.6579, 375.6579, 375.6579, 375.6579, 375.6579]
[470, 16, 16, 16, 16, 16, 16, 16, 104, 104, 104, 104, 104, 104, 104, 104, 1.0000, 11.0248, 11.0248, 11.0248, 11.0248, 11.0248, 11.0248, 11.0248]
[471, 25, 25, 25, 25, 25, 25, 25, 143, 143, 143, 143, 143, 143, 143, 143, 1.0000, 1705.6136, 1705.6136, 1705.6136, 1705.6136, 1705.6136, 1705.6136, 1705.6136]
[472, 32, 32, 32, 32, 32, 32, 32, 560, 560, 560, 560, 560, 560, 560, 560, 1.0000, 9.1335, 9.1335, 9.1335, 9.1335, 9.1335, 9.1335, 9.1335]
[473, 24, 24, 24, 24, 24, 24, 24, 58, 58, 58, 58, 58, 58, 58, 58, 1.0000, 100.0681, 100.0681, 100.0681, 100.0681, 100.0681, 100.0681, 100.0681]
[474, 22, 22, 22, 22, 22, 22, 22, 25, 25, 25, 25, 25, 25, 25, 25, 1.0000, 8.3368, 8.3368, 8.3368, 8.3368, 8.3368, 8.3368, 8.3368]
[475, 0, 0, 0, 0, 0, 0, 0, 144, 144, 144, 144, 144, 144, 144, 144, 1.0000, 36.9571, 36.9571, 36.9571, 36.9571, 36.9571, 36.9571, 36.9571]
[476, 22, 22, 22, 22, 22, 22, 22, 107, 107, 107, 107, 107, 107, 107, 107, 1.0000, 11.8069, 11.8069, 11.8069, 11.8069, 11.8069, 11.8069, 11.8069]
[477, 10, 10, 10, 10, 10, 10, 10, 340, 340, 340, 340, 340, 340, 340, 340, 1.0000, 3.8270, 3.8270, 3.8270, 3.8270, 3.8270, 3.8270, 3.8270]
[478, 25, 25, 25, 25, 25, 25, 25, 373, 373, 373, 373, 373, 373, 373, 373, 1.0000, 33.2629, 33.2629, 33.2629, 33.2629, 33.2629, 33.2629, 33.2629]
[479, 22, 22, 22, 22, 22, 22, 22, 51, 51, 51, 51, 51, 51, 51, 51, 1.0000, 8.1144, 8.1144, 8.1144, 8.1144, 8.1144, 8.1144, 8.1144]
[480, 22, 22, 22, 22, 22, 22, 22, 17, 17, 17, 17, 17, 17, 17, 17, 1.0000, 128.5575, 128.5575, 128.5575, 128.5575, 128.5575, 128.5575, 128.5575]
[481, 22, 22, 22, 22, 22, 22, 22, 83, 83, 83, 83, 83, 83, 83, 83, 1.0000, 7.7139, 7.7139, 7.7139, 7.7139, 7.7139, 7.7139, 7.7139]
[482, 17, 17, 17, 17, 17, 17, 17, 3, 3, 3, 3, 3, 3, 3, 3, 1.0000, 59.8766, 59.8766, 59.8766, 59.8766, 59.8766, 59.8766, 59.8766]
[483, 24, 24, 24, 24, 24, 24, 24, 314, 314, 314, 314, 314, 314, 314, 314, 1.0000, 27.5208, 27.5208, 27.5208, 27.5208, 27.5208, 27.5208, 27.5208]
[484, 24, 24, 24, 24, 24, 24, 24, 36, 36, 36, 36, 36, 36, 36, 36, 1.0000, 101.9300, 101.9300, 101.9300, 101.9300, 101.9300, 101.9300, 101.9300]
[485, 24, 24, 24, 24, 24, 24, 24, 287, 287, 287, 287, 287, 287, 287, 287, 1.0000, 16.6155, 16.6155, 16.6155, 16.6155, 16.6155, 16.6155, 16.6155]
[486, 34, 34, 34, 34, 34, 34, 34, 30, 30, 30, 30, 30, 30, 30, 30, 1.0000, 7.1318, 7.1318, 7.1318, 7.1318, 7.1318, 7.1318, 7.1318]
[487, 25, 25, 25, 25, 25, 25, 25, 120, 120, 120, 120, 120, 120, 120, 120, 1.0000, 26.5113, 26.5113, 26.5113, 26.5113, 26.5113, 26.5113, 26.5113]
[488, 24, 24, 24, 24, 24, 24, 24, 186, 186, 186, 186, 186, 186, 186, 186, 1.0000, 30.8143, 30.8143, 30.8143, 30.8143, 30.8143, 30.8143, 30.8143]
[489, 489, 489, 489, 489, 489, 489, 489, -1, -1, -1, -1, -1, -1, -1, -1, 1.0000, 1.0000, 1.0000, 1.0000, 1.0000, 1.0000, 1.0000, 1.0000]
[490, 0, 0, 0, 0, 0, 0, 0, 67, 67, 67, 67, 67, 67, 67, 67, 1.0000, 6.1080, 6.1080, 6.1080, 6.1080, 6.1080, 6.1080, 6.1080]
[491, 24, 24, 24, 24, 24, 24, 24, 83, 83, 83, 83, 83, 83, 83, 83, 1.0000, 75.2323, 75.2323, 75.2323, 75.2323, 75.2323, 75.2323, 75.2323]
[492, 22, 22, 22, 22, 22, 22, 22, 407, 407, 407, 407, 407, 407, 407, 407, 1.0000, 4.6239, 4.6239, 4.6239, 4.6239, 4.6239, 4.6239, 4.6239]
[493, 25, 25, 25, 25, 25, 25, 25, 177, 177, 177, 177, 177, 177, 177, 177, 1.0000, 10.7640, 10.7640, 10.7640, 10.7640, 10.7640, 10.7640, 10.7640]
[494, 2, 2, 2, 2, 2, 2, 2, 267, 267, 267, 267, 267, 267, 267, 267, 1.0000, 5.3365, 5.3365, 5.3365, 5.3365, 5.3365, 5.3365, 5.3365]
[495, 24, 24, 24, 24, 24, 24, 24, 71, 71, 71, 71, 71, 71, 71, 71, 1.0000, 96.5950, 96.5950, 96.5950, 96.5950, 96.5950, 96.5950, 96.5950]
[496, 24, 24, 24, 24, 24, 24, 24, 11, 11, 11, 11, 11, 11, 11, 11, 1.0000, 70.6746, 70.6746, 70.6746, 70.6746, 70.6746, 70.6746, 70.6746]
[497, 24, 24, 24, 24, 24, 24, 24, 24, 24, 24, 24, 24, 24, 24, 24, 1.0000, 55.8914, 55.8914, 55.8914, 55.8914, 55.8914, 55.8914, 55.8914]
[498, 498, 498, 498, 498, 498, 498, 498, -1, -1, -1, -1, -1, -1, -1, -1, 1.0000, 1.0000, 1.0000, 1.0000, 1.0000, 1.0000, 1.0000, 1.0000]
[499, 24, 24, 24, 24, 24, 24, 24, 68, 68, 68, 68, 68, 68, 68, 68, 1.0000, 90.4564, 90.4564, 90.4564, 90.4564, 90.4564, 90.4564, 90.4564]
[500, 24, 24, 24, 24, 24, 24, 24, 341, 341, 341, 341, 341, 341, 341, 341, 1.0000, 17.7670, 17.7670, 17.7670, 17.7670, 17.7670, 17.7670, 17.7670]
[501, 24, 24, 24, 24, 24, 24, 24, 218, 218, 218, 218, 218, 218, 218, 218, 1.0000, 96.1312, 96.1312, 96.1312, 96.1312, 96.1312, 96.1312, 96.1312]
[502, 23, 23, 23, 23, 23, 23, 23, 278, 278, 278, 278, 278, 278, 278, 278, 1.0000, 60.2950, 60.2950, 60.2950, 60.2950, 60.2950, 60.2950, 60.2950]
[503, 22, 22, 22, 22, 22, 22, 22, 85, 85, 85, 85, 85, 85, 85, 85, 1.0000, 11.1600, 11.1600, 11.1600, 11.1600, 11.1600, 11.1600, 11.1600]
[504, 22, 22, 22, 22, 22, 22, 22, 3, 3, 3, 3, 3, 3, 3, 3, 1.0000, 18.7814, 18.7814, 18.7814, 18.7814, 18.7814, 18.7814, 18.7814]
[505, 22, 22, 22, 22, 22, 22, 22, 1, 1, 1, 1, 1, 1, 1, 1, 1.0000, 2.6876, 2.6876, 2.6876, 2.6876, 2.6876, 2.6876, 2.6876]
[506, 6, 6, 6, 6, 6, 6, 6, 644, 644, 644, 644, 644, 644, 644, 644, 1.0000, 5.9500, 5.9500, 5.9500, 5.9500, 5.9500, 5.9500, 5.9500]
[507, 23, 23, 23, 23, 23, 23, 23, 11, 11, 11, 11, 11, 11, 11, 11, 1.0000, 137.8914, 137.8914, 137.8914, 137.8914, 137.8914, 137.8914, 137.8914]
[508, 22, 22, 22, 22, 22, 22, 22, 55, 55, 55, 55, 55, 55, 55, 55, 1.0000, 541.5764, 541.5764, 541.5764, 541.5764, 541.5764, 541.5764, 541.5764]
[509, 23, 23, 23, 23, 23, 23, 23, 164, 164, 164, 164, 164, 164, 164, 164, 1.0000, 92.8321, 92.8321, 92.8321, 92.8321, 92.8321, 92.8321, 92.8321]
[510, 35, 35, 35, 35, 35, 35, 35, 422, 422, 422, 422, 422, 422, 422, 422, 1.0000, 1.6287, 1.6287, 1.6287, 1.6287, 1.6287, 1.6287, 1.6287]
[511, 14, 14, 14, 14, 14, 14, 14, 73, 73, 73, 73, 73, 73, 73, 73, 1.0000, 111.4861, 111.4861, 111.4861, 111.4861, 111.4861, 111.4861, 111.4861]
[512, 16, 16, 16, 16, 16, 16, 16, 97, 97, 97, 97, 97, 97, 97, 97, 1.0000, 16.0091, 16.0091, 16.0091, 16.0091, 16.0091, 16.0091, 16.0091]
[513, 29, 29, 29, 29, 29, 29, 29, 1, 1, 1, 1, 1, 1, 1, 1, 1.0000, 70.8563, 70.8563, 70.8563, 70.8563, 70.8563, 70.8563, 70.8563]
[514, 17, 17, 17, 17, 17, 17, 17, 421, 421, 421, 421, 421, 421, 421, 421, 1.0000, 0.3956, 0.3956, 0.3956, 0.3956, 0.3956, 0.3956, 0.3956]
[515, 5, 5, 5, 5, 5, 5, 5, 58, 58, 58, 58, 58, 58, 58, 58, 1.0000, 9.4641, 9.4641, 9.4641, 9.4641, 9.4641, 9.4641, 9.4641]
[516, 8, 8, 8, 8, 8, 8, 8, 24, 24, 24, 24, 24, 24, 24, 24, 1.0000, 62.1635, 62.1635, 62.1635, 62.1635, 62.1635, 62.1635, 62.1635]
[517, 24, 24, 24, 24, 24, 24, 24, 55, 55, 55, 55, 55, 55, 55, 55, 1.0000, 30.9459, 30.9459, 30.9459, 30.9459, 30.9459, 30.9459, 30.9459]
[518, 17, 17, 17, 17, 17, 17, 17, 24, 24, 24, 24, 24, 24, 24, 24, 1.0000, 37.6571, 37.6571, 37.6571, 37.6571, 37.6571, 37.6571, 37.6571]
[519, 25, 25, 25, 25, 25, 25, 25, 7, 7, 7, 7, 7, 7, 7, 7, 1.0000, 11.8417, 11.8417, 11.8417, 11.8417, 11.8417, 11.8417, 11.8417]
[520, 22, 22, 22, 22, 22, 22, 22, 231, 231, 231, 231, 231, 231, 231, 231, 1.0000, 9.4063, 9.4063, 9.4063, 9.4063, 9.4063, 9.4063, 9.4063]
[521, 32, 32, 32, 32, 32, 32, 32, 368, 368, 368, 368, 368, 368, 368, 368, 1.0000, 11.0541, 11.0541, 11.0541, 11.0541, 11.0541, 11.0541, 11.0541]
[522, 13, 13, 13, 13, 13, 13, 13, 172, 172, 172, 172, 172, 172, 172, 172, 1.0000, 3.9727, 3.9727, 3.9727, 3.9727, 3.9727, 3.9727, 3.9727]
[523, 19, 19, 19, 19, 19, 19, 19, 23, 23, 23, 23, 23, 23, 23, 23, 1.0000, 25.3358, 25.3358, 25.3358, 25.3358, 25.3358, 25.3358, 25.3358]
[524, 22, 22, 22, 22, 22, 22, 22, 278, 278, 278, 278, 278, 278, 278, 278, 1.0000, 9.7356, 9.7356, 9.7356, 9.7356, 9.7356, 9.7356, 9.7356]
[525, 24, 24, 24, 24, 24, 24, 24, 20, 20, 20, 20, 20, 20, 20, 20, 1.0000, 33.6249, 33.6249, 33.6249, 33.6249, 33.6249, 33.6249, 33.6249]
[526, 24, 24, 24, 24, 24, 24, 24, 156, 156, 156, 156, 156, 156, 156, 156, 1.0000, 182.5938, 182.5938, 182.5938, 182.5938, 182.5938, 182.5938, 182.5938]
[527, 3, 3, 3, 3, 3, 3, 3, 368, 368, 368, 368, 368, 368, 368, 368, 1.0000, 6.8846, 6.8846, 6.8846, 6.8846, 6.8846, 6.8846, 6.8846]
[528, 22, 22, 22, 22, 22, 22, 22, 12, 12, 12, 12, 12, 12, 12, 12, 1.0000, 20.0641, 20.0641, 20.0641, 20.0641, 20.0641, 20.0641, 20.0641]
[529, 20, 20, 20, 20, 20, 20, 20, 39, 39, 39, 39, 39, 39, 39, 39, 1.0000, 12.7975, 12.7975, 12.7975, 12.7975, 12.7975, 12.7975, 12.7975]
[530, 24, 24, 24, 24, 24, 24, 24, 64, 64, 64, 64, 64, 64, 64, 64, 1.0000, 77.1228, 77.1228, 77.1228, 77.1228, 77.1228, 77.1228, 77.1228]
[531, 24, 24, 24, 24, 24, 24, 24, 86, 86, 86, 86, 86, 86, 86, 86, 1.0000, 86.9631, 86.9631, 86.9631, 86.9631, 86.9631, 86.9631, 86.9631]
[532, 24, 24, 24, 24, 24, 24, 24, 253, 253, 253, 253, 253, 253, 253, 253, 1.0000, 31.5847, 31.5847, 31.5847, 31.5847, 31.5847, 31.5847, 31.5847]
[533, 22, 22, 22, 22, 22, 22, 22, 332, 332, 332, 332, 332, 332, 332, 332, 1.0000, 44.7897, 44.7897, 44.7897, 44.7897, 44.7897, 44.7897, 44.7897]
[534, 22, 22, 22, 22, 22, 22, 22, 248, 248, 248, 248, 248, 248, 248, 248, 1.0000, 9011.7891, 9011.7891, 9011.7891, 9011.7891, 9011.7891, 9011.7891, 9011.7891]
[535, 25, 25, 25, 25, 25, 25, 25, 39, 39, 39, 39, 39, 39, 39, 39, 1.0000, 300.4317, 300.4317, 300.4317, 300.4317, 300.4317, 300.4317, 300.4317]
[536, 29, 29, 29, 29, 29, 29, 29, 103, 103, 103, 103, 103, 103, 103, 103, 1.0000, 242.3644, 242.3644, 242.3644, 242.3644, 242.3644, 242.3644, 242.3644]
